%YAML:1.0
R1: !!opencv-matrix
   rows: 3
   cols: 3
   dt: d
   data: [ 9.9981276631226490e-001, -1.9347453072242327e-002,
       -3.2920910311595372e-004, 1.9345123172416632e-002,
       9.9979475673601237e-001, -6.0175254566868603e-003,
       4.4556532654938842e-004, 6.0100301825553202e-003,
       9.9998184033948556e-001 ]
R2: !!opencv-matrix
   rows: 3
   cols: 3
   dt: d
   data: [ 9.9994325880109991e-001, -5.4022399695728973e-003,
       -9.1812298493952772e-003, 5.4573595137288738e-003,
       9.9996717346746145e-001, 5.9890913028489970e-003,
       9.1485739530372291e-003, -6.0388567466944662e-003,
       9.9993991609687161e-001 ]
P1: !!opencv-matrix
   rows: 3
   cols: 4
   dt: d
   data: [ 1.6467021914431136e+003, 0., 3.2671986389160156e+002, 0., 0.,
       1.6467021914431136e+003, 2.1678539085388184e+002, 0., 0., 0., 1.,
       0. ]
P2: !!opencv-matrix
   rows: 3
   cols: 4
   dt: d
   data: [ 1.6467021914431136e+003, 0., 3.2671986389160156e+002,
       -3.2572827727308664e+004, 0., 1.6467021914431136e+003,
       2.1678539085388184e+002, 0., 0., 0., 1., 0. ]
Q: !!opencv-matrix
   rows: 4
   cols: 4
   dt: d
   data: [ 1., 0., 0., -3.2671986389160156e+002, 0., 1., 0.,
       -2.1678539085388184e+002, 0., 0., 0., 1.6467021914431136e+003, 0.,
       0., 5.0554474583198020e-002, 0. ]
