%YAML:1.0
frameCount: 40
calibrationDate: "Wed Feb 03 17:01:37 2016\n"
cameraMatrix: !!opencv-matrix
   rows: 3
   cols: 3
   dt: d
   data: [ 6.4602135239405368e+002, 0., 3.1824657910589002e+002, 0.,
       6.1769245982576547e+002, 2.3989925625877680e+002, 0., 0., 1. ]
distCoeffs: !!opencv-matrix
   rows: 1
   cols: 5
   dt: d
   data: [ 1.5592772509376490e-001, -1.1348272991491757e+000,
       2.1530160805057481e-003, -1.7870350517244699e-003,
       1.1108435289329779e+000 ]
