%YAML:1.0
frameCount: 32
calibrationDate: "Mon Feb 15 17:17:27 2016\n"
cameraMatrix: !!opencv-matrix
   rows: 3
   cols: 3
   dt: d
   data: [ 1.6902898088115610e+003, 0., 3.0990574498753568e+002, 0.,
       1.6940730875392235e+003, 2.2296267234555341e+002, 0., 0., 1. ]
distCoeffs: !!opencv-matrix
   rows: 1
   cols: 5
   dt: d
   data: [ -5.0156063656558125e-001, -5.8467436000193163e-001,
       5.6220482057497386e-003, -4.7478805408558342e-004,
       2.1707106815252793e+001 ]
