%YAML:1.0
frameCount: 32
calibrationDate: "Mon Feb 15 17:17:01 2016\n"
cameraMatrix: !!opencv-matrix
   rows: 3
   cols: 3
   dt: d
   data: [ 1.6945019260750125e+003, 0., 3.2567025634163758e+002, 0.,
       1.6957265995521739e+003, 2.0981770615273186e+002, 0., 0., 1. ]
distCoeffs: !!opencv-matrix
   rows: 1
   cols: 5
   dt: d
   data: [ -5.0551672241027712e-001, 1.0261671414260254e-001,
       4.7793111755322342e-003, 4.0054303741024824e-003,
       -1.1795472300062540e+001 ]
