%YAML:1.0
R: !!opencv-matrix
   rows: 3
   cols: 3
   dt: d
   data: [ 9.9986568578329660e-001, -1.3835133960456962e-002,
       8.7863224044084417e-003, 1.3940569279060662e-002,
       9.9983016324773188e-001, -1.2054260167655833e-002,
       -8.6180578597332084e-003, 1.2175127445330272e-002,
       9.9988874148597973e-001 ]
T: !!opencv-matrix
   rows: 3
   cols: 1
   dt: d
   data: [ -1.9779520303521320e+001, 1.0685975552801262e-001,
       1.8161409974086251e-001 ]
E: !!opencv-matrix
   rows: 3
   cols: 3
   dt: d
   data: [ -3.4527274955090852e-003, -1.8028222384966605e-001,
       1.0903709007879496e-001, 1.1128655971799045e-002,
       2.3830552510384714e-001, 1.9778915383517827e+001,
       -3.8258317584147772e-001, -1.9774682594998836e+001,
       2.3748857946595148e-001 ]
F: !!opencv-matrix
   rows: 3
   cols: 3
   dt: d
   data: [ -8.9564743446217535e-009, -4.6731952192847981e-007,
       5.8025074943109122e-004, 2.8803583985886873e-008,
       6.1634539920484271e-007, 8.6607078477020774e-002,
       -1.6811437383154070e-003, -8.6635243932078915e-002, 1. ]
