%YAML:1.0
R: !!opencv-matrix
   rows: 3
   cols: 3
   dt: d
   data: [ 9.9986568531655906e-001, -1.3835132641524759e-002,
       8.7863775948431311e-003, 1.3940568945661662e-002,
       9.9983016281387904e-001, -1.2054296538722533e-002,
       -8.6181125496827271e-003, 1.2175164572342358e-002,
       9.9988874056252752e-001 ]
T: !!opencv-matrix
   rows: 3
   cols: 1
   dt: d
   data: [ -1.9779520349983724e+001, 1.0685977876554489e-001,
       1.8161062744869558e-001 ]
E: !!opencv-matrix
   rows: 3
   cols: 3
   dt: d
   data: [ -3.4526850736490773e-003, -1.8027874781812545e-001,
       1.0903707796452104e-001, 1.1124101919860685e-002,
       2.3830630830318331e-001, 1.9778915391224110e+001,
       -3.8258319307925348e-001, -1.9774682632691395e+001,
       2.3748929332646523e-001 ]
F: !!opencv-matrix
   rows: 3
   cols: 3
   dt: d
   data: [ -8.9563675136368175e-009, -4.6731067983594052e-007,
       5.8024895692453278e-004, 2.8791807312813670e-008,
       6.1634764597427801e-007, 8.6607112503915951e-002,
       -1.6811417894906906e-003, -8.6635276800720765e-002, 1. ]
