%YAML:1.0
frameCount: 32
calibrationDate: "Thu Feb 18 14:19:51 2016\n"
cameraMatrix: !!opencv-matrix
   rows: 3
   cols: 3
   dt: d
   data: [ 1.6945019185161566e+003, 0., 3.2567029165915039e+002, 0.,
       1.6957265894389188e+003, 2.0981766479074224e+002, 0., 0., 1. ]
distCoeffs: !!opencv-matrix
   rows: 1
   cols: 5
   dt: d
   data: [ -5.0551649519135466e-001, 1.0260606062909114e-001,
       4.7793134609690783e-003, 4.0054267523639466e-003,
       -1.1795282329648044e+001 ]
