%YAML:1.0
frameCount: 32
calibrationDate: "Thu Feb 18 14:20:52 2016\n"
cameraMatrix: !!opencv-matrix
   rows: 3
   cols: 3
   dt: d
   data: [ 1.6902897739892510e+003, 0., 3.0990568791908174e+002, 0.,
       1.6940730550406527e+003, 2.2296269298336870e+002, 0., 0., 1. ]
distCoeffs: !!opencv-matrix
   rows: 1
   cols: 5
   dt: d
   data: [ -5.0156064759122942e-001, -5.8467001160036325e-001,
       5.6220396983765516e-003, -4.7478290138154339e-004,
       2.1706989530251992e+001 ]
