0.999932 0.00387852 -0.0110347 0.0804821 -0.0038715 0.999992 0.000657886 -0.0839019 0.0110372 -0.00061512 0.999939 -0.993219
0.999992 0.00124123 -0.00381266 -0.0628391 -0.00124493 0.999999 -0.000969298 0.0785187 0.00381145 0.000974037 0.999992 -0.99493
0.999995 0.00281827 -0.00122542 -0.0173409 -0.00281563 0.999994 0.00215377 -0.0340554 0.00123148 -0.00215031 0.999997 -0.999269
0.999994 -0.000111817 0.00349954 -0.0142155 0.000113683 1 -0.000533122 0.112268 -0.00349948 0.000533516 0.999994 -0.993576
0.999954 0.00453192 0.0084535 -0.0515219 -0.00453178 0.99999 -3.60765e-005 0.165012 -0.00845357 -2.23455e-006 0.999964 -0.984945
0.99991 0.00120083 0.0133494 0.0522561 -0.00119239 0.999999 -0.000640885 0.099547 -0.0133501 0.00062491 0.999911 -0.99366
0.999897 -0.000527277 0.0143105 0.045845 0.000532502 1 -0.000361266 0.0529343 -0.0143103 0.000368849 0.999898 -0.997545
0.999819 -0.00508509 0.0183249 0.0534003 0.00507288 0.999987 0.000712342 -0.0228936 -0.0183283 -0.000619253 0.999832 -0.998311
0.999849 -0.00417816 0.0168946 0.112008 0.00414682 0.99999 0.00189006 -0.0203695 -0.0169024 -0.00181971 0.999855 -0.993498
0.999732 0.000756347 0.0231459 -0.0864167 -0.000771943 0.999999 0.00066487 -0.0229602 -0.0231454 -0.000682559 0.999732 -0.995994
0.999796 0.00123529 0.0201834 0.0324445 -0.0012263 0.999999 -0.000458197 -0.00805125 -0.020184 0.000433352 0.999796 -0.999441
0.999841 0.00123577 0.0177842 0.0424641 -0.00121506 0.999999 -0.00117531 0.0144755 -0.0177856 0.00115352 0.999841 -0.998993
0.999847 -0.00147811 0.0174437 0.14002 0.00149352 0.999999 -0.000870704 0.0216949 -0.0174424 0.000896623 0.999847 -0.989911
0.999875 -0.00170765 0.0157496 0.134319 0.00171066 0.999999 -0.000177741 0.0150088 -0.0157493 0.000204661 0.999876 -0.990824
0.999909 -0.000748006 0.0134628 0.000502138 0.000749329 1 -9.32628e-005 0.000740606 -0.0134627 0.000103342 0.999909 -1
0.999896 0.00219583 0.0142361 -0.098824 -0.00221736 0.999996 0.00149667 -0.0184841 -0.0142327 -0.00152809 0.999898 -0.994933
0.999953 0.00381888 0.00891097 0.14421 -0.00383582 0.999991 0.00188499 -0.00511858 -0.00890369 -0.00191908 0.999959 -0.989534
0.999956 -0.00066815 0.0093823 0.00804987 0.000646695 0.999997 0.0022896 -0.00531027 -0.0093838 -0.00228343 0.999953 -0.999953
0.999964 -0.000880088 0.00840393 -0.0401306 0.000875929 0.999999 0.000498514 0.0310239 -0.00840437 -0.000491135 0.999965 -0.998713
0.999964 -0.000271069 0.00850684 0.0462273 0.000244785 0.999995 0.00309072 0.00321213 -0.00850763 -0.00308853 0.999959 -0.998926
0.999966 0.00360919 0.00742171 0.0150828 -0.00361915 0.999993 0.00132843 0.0202313 -0.00741686 -0.00135524 0.999972 -0.999682
0.999962 0.00602769 0.00630635 0.100929 -0.00603258 0.999982 0.000757 0.0217873 -0.00630167 -0.000795015 0.99998 -0.994655
0.999807 0.000646528 0.0196324 -0.459001 -0.00071461 0.999994 0.00346104 -0.0472136 -0.01963 -0.0034744 0.999801 -0.887181
0.999955 -0.00391067 0.00868971 0.046275 0.00388326 0.999987 0.0031685 0.0224916 -0.00870199 -0.00313461 0.999957 -0.998676
0.999941 -0.00243746 0.0105874 -0.00911865 0.00240474 0.999992 0.00310163 -0.0126331 -0.0105949 -0.00307599 0.999939 -0.999879
0.999961 0.0034738 0.00817762 0.0584481 -0.00348814 0.999992 0.00173988 -0.0111386 -0.00817152 -0.00176833 0.999965 -0.998228
0.999933 0.0033112 0.0111132 -0.0606505 -0.00334624 0.999989 0.00313571 -0.0244274 -0.0111027 -0.00317269 0.999933 -0.99786
0.999977 -0.000601827 0.0067267 0.150295 0.00059124 0.999999 0.00157587 0.0341104 -0.00672764 -0.00157186 0.999976 -0.988053
0.999956 -0.000959637 0.00933221 0.00688908 0.00092776 0.999994 0.00341956 -0.00051114 -0.00933543 -0.00341075 0.999951 -0.999976
0.999968 -1.39272e-005 0.00802719 0.0898618 -3.4309e-005 0.999982 0.00600893 -0.0268465 -0.00802713 -0.00600902 0.99995 -0.995592
0.999982 0.00036144 0.00590997 0.0339606 -0.000402805 0.999975 0.00699945 0.020562 -0.00590729 -0.00700171 0.999958 -0.999212
0.999974 -0.0045749 0.00557195 -0.0706179 0.00452323 0.999947 0.00925039 -0.0153791 -0.00561397 -0.00922495 0.999942 -0.997385
0.999988 -0.00322215 0.00381001 0.0607905 0.00318597 0.99995 0.00946425 -0.0064097 -0.00384032 -0.00945199 0.999948 -0.99813
0.999989 -0.00336062 0.00335747 0.086821 0.00333236 0.999959 0.00838714 0.016671 -0.00338551 -0.00837586 0.999959 -0.996084
0.999985 -0.00197818 0.00518076 0.00106737 0.00194527 0.999978 0.00634807 0.0129858 -0.0051932 -0.0063379 0.999966 -0.999915
0.999976 -0.00354365 0.00588825 0.00768374 0.00350195 0.999969 0.00707714 -0.0199246 -0.00591314 -0.00705635 0.999958 -0.999772
0.999988 -0.00344653 0.00352782 0.131464 0.00342994 0.999983 0.00469893 0.0442792 -0.00354396 -0.00468677 0.999983 -0.990331
0.999974 -0.00481431 0.00540142 0.038097 0.00478167 0.99997 0.00604008 -0.0106871 -0.00543034 -0.00601409 0.999967 -0.999217
0.999982 -0.00452312 0.00385781 0.0785642 0.00451351 0.999987 0.00249624 0.0195278 -0.00386905 -0.00247879 0.999989 -0.996718
0.999985 -0.00130556 0.00537251 0.00961319 0.00129619 0.999998 0.00174697 -0.00330348 -0.00537478 -0.00173998 0.999984 -0.999948
0.999972 0.00128375 0.0073392 0.00707169 -0.00127793 0.999999 -0.000797626 -0.00434058 -0.00734022 0.000788225 0.999973 -0.999966
0.999984 -0.000467755 0.00555561 0.109033 0.00048276 0.999996 -0.00269994 0.0419397 -0.00555432 0.00270258 0.999981 -0.993153
0.999979 0.000141604 0.00641612 0.0214732 -0.000139123 1 -0.000387159 -0.00607275 -0.00641617 0.000386258 0.999979 -0.999751
0.999955 0.00202332 0.00924401 -0.0254321 -0.00199786 0.999994 -0.0027618 -0.0212663 -0.00924955 0.00274321 0.999953 -0.99945
0.999977 -0.000382026 0.00670589 0.0501276 0.000419698 0.999984 -0.00561723 0.0316917 -0.00670364 0.00561992 0.999962 -0.99824
0.999964 -2.82893e-006 0.00847287 -0.00441111 5.08167e-005 0.999984 -0.00566349 0.00917118 -0.00847272 0.00566372 0.999948 -0.999948
0.999944 -0.00395144 0.00979766 0.00600301 0.00397786 0.999989 -0.00267828 -0.00738655 -0.00978697 0.00271711 0.999948 -0.999955
0.999966 0.000643415 0.00824609 0.0630129 -0.000628118 0.999998 -0.00185746 -0.002352 -0.00824727 0.00185222 0.999964 -0.99801
0.999941 -0.000387239 0.0108198 -0.0416294 0.000373203 0.999999 0.00129922 -0.0101249 -0.0108203 -0.0012951 0.999941 -0.999082
0.999951 0.00159794 0.00974296 0.0560246 -0.00161293 0.999998 0.00153116 -0.0480391 -0.00974049 -0.0015468 0.999951 -0.997273
0.999941 0.00431415 0.00996628 0.0498496 -0.00430364 0.99999 -0.00107548 -0.03441 -0.00997082 0.00103252 0.99995 -0.998164
0.999902 0.00198902 0.0138268 -0.0970104 -0.00197611 0.999998 -0.000947401 0.00785021 -0.0138287 0.000919986 0.999904 -0.995252
0.999959 0.000516208 0.00904326 -0.0325912 -0.000485238 0.999994 -0.00342653 -0.000466208 -0.00904497 0.003422 0.999953 -0.999469
0.999959 -0.00451884 0.00788572 0.0167505 0.00455411 0.99998 -0.00445985 0.0342039 -0.00786541 0.00449558 0.999959 -0.999274
0.999953 6.10651e-005 0.00972977 -0.0574245 -1.99109e-005 0.999991 -0.00422977 0.0403365 -0.00972994 0.00422937 0.999944 -0.997535
0.999973 0.000535767 0.00738631 0.00221836 -0.000515779 0.999996 -0.00270763 0.0407129 -0.00738774 0.00270375 0.999969 -0.999168
0.999933 -0.00199384 0.0113917 -0.137416 0.00199065 0.999998 0.000291582 0.0197762 -0.0113922 -0.000268885 0.999935 -0.990316
0.999985 -0.00240356 0.00496142 0.00363785 0.00241262 0.999995 -0.00182199 0.0350976 -0.00495701 0.00183394 0.999986 -0.999377
0.999981 -0.000938648 0.00602995 -0.0135474 0.000937233 1 0.000237549 0.0195759 -0.00603017 -0.000231893 0.999982 -0.999717
0.999986 0.00111614 0.00525232 0.028681 -0.00111723 0.999999 0.000203931 0.011157 -0.00525209 -0.000209796 0.999986 -0.999526
0.999968 -0.00439059 0.00665987 -0.096251 0.00437675 0.999988 0.00209151 0.0352228 -0.00666898 -0.0020623 0.999976 -0.994734
0.99999 0.00280327 0.00334511 0.0170563 -0.00280502 0.999996 0.000520717 -0.0161848 -0.00334364 -0.000530095 0.999994 -0.999724
0.999985 0.00541188 0.000690459 0.0393718 -0.00540999 0.999982 -0.00271125 -0.0142395 -0.000705119 0.00270748 0.999996 -0.999123
0.999969 0.00767125 0.00157992 0.0507446 -0.00766773 0.999968 -0.00222349 -0.0404742 -0.00159693 0.0022113 0.999996 -0.997891
0.999999 0.000404229 0.00093363 -0.0611857 -0.000403194 0.999999 -0.00110782 0.0354523 -0.000934077 0.00110744 0.999999 -0.997497
0.999992 0.00371809 0.00177819 -0.0378077 -0.00371809 0.999993 -5.32312e-006 0.0127253 -0.0017782 -1.2884e-006 0.999998 -0.999204
0.999997 0.000282084 0.00262787 -0.0328311 -0.000283615 1 0.000582311 0.027949 -0.0026277 -0.000583054 0.999996 -0.99907
0.999991 0.00324974 0.00262142 0.0628605 -0.00324586 0.999994 -0.00148372 -0.00528846 -0.00262622 0.00147519 0.999995 -0.998008
0.999994 0.00109078 0.0033731 0.0329195 -0.00107749 0.999992 -0.00393917 0.0101848 -0.00337737 0.00393551 0.999987 -0.999406
0.999981 0.00408307 0.00462747 0.081089 -0.00406553 0.999985 -0.00379217 -0.00836943 -0.00464288 0.00377329 0.999982 -0.996672
0.999935 0.00116011 0.0113434 -0.18103 -0.00115406 0.999999 -0.000540342 -0.0046612 -0.011344 0.000527216 0.999936 -0.983466
0.99993 0.00117444 0.0117426 -0.065846 -0.00121476 0.999993 0.00342742 0.0140512 -0.0117385 -0.00344145 0.999925 -0.997731
0.999942 -8.1925e-005 0.0107938 0.00705711 5.00173e-005 0.999996 0.00295636 0.0274387 -0.010794 -0.00295565 0.999937 -0.999599
0.99994 0.002149 0.0107445 0.032198 -0.00214558 0.999998 -0.000330091 -0.00723145 -0.0107452 0.000307018 0.999942 -0.999455
0.999965 0.000201192 0.00840405 0.124017 -0.000153894 0.999984 -0.0056283 0.0069051 -0.00840505 0.00562681 0.999949 -0.992256
0.999966 -0.00378864 0.00728887 0.0764332 0.00382037 0.999983 -0.00434529 0.0306011 -0.00727229 0.00437299 0.999964 -0.996605
0.999959 -0.000454762 0.0090461 -0.0554259 0.000435596 0.999998 0.00212052 -0.00173266 -0.00904705 -0.00211649 0.999957 -0.998461
0.999974 -0.0026884 0.00674391 -0.0350957 0.00264823 0.999979 0.00595903 -0.000708056 -0.00675979 -0.00594102 0.99996 -0.999384
0.999985 -0.00448045 0.00299569 0.0991914 0.00446009 0.999967 0.00677087 0.0189762 -0.00302593 -0.00675741 0.999973 -0.994887
0.999996 0.000602774 0.00286188 0.160606 -0.000606568 0.999999 0.0013248 0.0083874 -0.00286108 -0.00132653 0.999995 -0.986983
0.999991 0.000697833 0.00414493 0.0907334 -0.000677644 0.999988 -0.00487005 0.0279989 -0.00414828 0.0048672 0.99998 -0.995482
0.999972 0.00133255 0.00736668 -0.0634126 -0.00129322 0.999985 -0.00534126 0.0168271 -0.00737368 0.00533158 0.999959 -0.997846
0.999994 -0.00135857 0.0033298 0.0646588 0.00136652 0.999996 -0.00238519 0.0158086 -0.00332654 0.00238973 0.999992 -0.997782
0.999984 -0.00290781 0.00487818 -0.0382589 0.00290502 0.999996 0.000579808 0.0262613 -0.00487984 -0.000565627 0.999988 -0.998923
0.999976 -0.0028865 0.00633059 -0.0623647 0.00287262 0.999993 0.00220186 0.029829 -0.0063369 -0.00218362 0.999978 -0.997608
0.99998 0.00135224 0.00621116 0.0275635 -0.00136674 0.999996 0.00233087 0.0294345 -0.00620799 -0.00233931 0.999978 -0.999187
0.99994 -0.00331913 0.0104794 -0.143499 0.00330921 0.999994 0.000964423 0.0342211 -0.0104826 -0.000929686 0.999945 -0.989059
0.999978 -0.00030644 0.00666695 0.0252915 0.000317659 0.999999 -0.00168177 0.0309278 -0.00666642 0.00168385 0.999976 -0.999202
0.999977 -0.00227626 0.00642126 -0.00347166 0.00227278 0.999997 0.000549161 -0.0035417 -0.00642249 -0.000534554 0.999979 -0.999988
0.999975 0.000858309 0.00698763 0.0346331 -0.000865905 0.999999 0.00108411 0.0305197 -0.00698669 -0.00109013 0.999975 -0.998934
0.999957 0.000651102 0.00928774 -0.0306946 -0.000660587 0.999999 0.0010182 0.0139523 -0.00928707 -0.00102429 0.999956 -0.999431
0.999935 0.00236875 0.0111948 -0.0388677 -0.00238872 0.999996 0.00177038 7.16515e-005 -0.0111905 -0.00179701 0.999936 -0.999244
0.999972 7.54717e-005 0.00747865 0.0369599 -8.23008e-005 1 0.000912838 0.0173218 -0.00747858 -0.000913428 0.999972 -0.999167
0.999956 0.00158893 0.00920894 0.00551817 -0.00158718 0.999999 -0.000197655 0.0396372 -0.00920924 0.00018303 0.999958 -0.999199
0.999942 0.00271578 0.0104559 0.02908 -0.00273433 0.999995 0.00176025 -0.0225649 -0.010451 -0.00178874 0.999944 -0.999322
0.999935 0.00386555 0.0107181 0.0151287 -0.00384991 0.999991 -0.00147914 -0.0135855 -0.0107238 0.00143778 0.999941 -0.999793
0.999942 0.00220375 0.0105096 -0.0478132 -0.00219865 0.999997 -0.000496844 0.0137773 -0.0105106 0.000473708 0.999945 -0.998761
0.99993 -0.00123858 0.0117389 -0.0540763 0.00123008 0.999999 0.000730501 0.0332763 -0.0117398 -0.000716011 0.999931 -0.997982
0.999949 0.00486867 0.00886066 0.108501 -0.00489183 0.999985 0.00259383 -0.0160411 -0.00884789 -0.00263704 0.999957 -0.993967
0.999948 0.00225669 0.00990397 -0.0022675 -0.00226674 0.999997 0.00100351 -0.0338974 -0.00990168 -0.00102591 0.99995 -0.999423
0.999964 0.000616727 0.00850764 -0.0293315 -0.000605874 0.999999 -0.00127817 0.0143574 -0.00850842 0.00127297 0.999963 -0.999467
0.999969 -2.01326e-005 0.00789949 -0.0382976 1.57436e-005 1 0.000555663 -0.00117046 -0.0078995 -0.000555522 0.999969 -0.999266
0.999967 -0.00397232 0.00706079 -0.0376354 0.00395495 0.999989 0.00247158 0.0144803 -0.00707053 -0.00244357 0.999972 -0.999187
0.999951 -0.000478083 0.00988198 -0.0998553 0.000449684 0.999996 0.0028758 0.0086115 -0.00988331 -0.00287122 0.999947 -0.994965
0.999978 -0.00033414 0.00669432 0.00240309 0.00031503 0.999996 0.00285557 0.0266139 -0.00669524 -0.00285339 0.999974 -0.999643
0.999975 0.00130177 0.00698194 0.0335249 -0.00130665 0.999999 0.000693841 -0.00391486 -0.00698103 -0.000702946 0.999975 -0.99943
0.999965 0.00323797 0.00772328 0.0419652 -0.003228 0.999994 -0.00130282 0.000827399 -0.00772745 0.00127785 0.999969 -0.999119
0.999984 0.000607881 0.00559777 0.0458541 -0.000598849 0.999999 -0.001615 0.0159227 -0.00559875 0.00161163 0.999983 -0.998821
0.999965 0.00128048 0.00831481 -0.0454818 -0.00127967 0.999999 -0.000102814 0.0245451 -0.00831494 9.21706e-005 0.999965 -0.998664
0.999976 0.000737162 0.00686564 -0.0256418 -0.000737186 1 9.12825e-007 0.0269727 -0.00686564 -5.97406e-006 0.999976 -0.999307
0.99998 0.00215476 0.00591582 -0.0188841 -0.00214864 0.999997 -0.00104016 0.0324374 -0.00591805 0.00102742 0.999982 -0.999295
0.999982 0.00107528 0.00594186 0.00462649 -0.00107603 0.999999 0.000122493 0.0102064 -0.00594173 -0.000128884 0.999982 -0.999937
0.99999 0.00227091 0.0039123 0.0750508 -0.00227474 0.999997 0.000975336 0.0136987 -0.00391008 -0.000984226 0.999992 -0.997086
0.999963 0.00379377 0.00777553 -0.0800182 -0.00382697 0.999984 0.00425952 -0.000431691 -0.00775924 -0.00428912 0.999961 -0.996793
0.999974 0.00531748 0.00479848 0.0196513 -0.00532143 0.999986 0.000809833 0.0239028 -0.0047941 -0.000835347 0.999988 -0.999521
0.99994 0.00529857 0.00962392 -0.0437178 -0.00530869 0.999985 0.00102686 -0.00771175 -0.00961834 -0.00107789 0.999953 -0.999014
0.999936 0.0046865 0.0102997 0.0109558 -0.00469185 0.999989 0.000495653 0.00477237 -0.0102973 -0.000543946 0.999947 -0.999929
0.999923 0.00401021 0.011742 -0.00977081 -0.00399094 0.999991 -0.0016639 0.0190264 -0.0117486 0.00161691 0.99993 -0.999771
0.999948 0.00181413 0.0100835 0.08374 -0.00177942 0.999992 -0.00345048 0.0263349 -0.0100897 0.00343236 0.999943 -0.99614
0.999941 -0.000454268 0.0108577 -0.0069039 0.000469067 0.999999 -0.0013605 0.0359172 -0.0108571 0.00136551 0.99994 -0.999331
0.999922 -0.000215849 0.0125154 0.0149528 0.000168522 0.999993 0.00378237 -0.0291083 -0.0125162 -0.00377997 0.999915 -0.999464
0.999933 0.00215507 0.0113373 0.0145144 -0.00216892 0.999997 0.00120919 0.0222888 -0.0113347 -0.0012337 0.999935 -0.999646
0.999889 -0.00192774 0.0147966 -0.0793597 0.00190946 0.999997 0.00124946 0.0261662 -0.014799 -0.00122107 0.99989 -0.996503
0.999936 0.00525874 0.00997913 0.104148 -0.00523008 0.999982 -0.00289583 0.0299892 -0.00999418 0.00284346 0.999946 -0.99411
0.99992 0.000226365 0.0126639 -0.0207854 -0.000207909 0.999999 -0.00145867 0.0230447 -0.0126642 0.00145592 0.999919 -0.999518
0.999932 0.003395 0.0111419 0.0702805 -0.00341462 0.999993 0.00174228 -0.0317248 -0.0111359 -0.00178021 0.999936 -0.997023
0.999903 0.00385789 0.0134087 -0.0105297 -0.00386405 0.999992 0.000433464 0.00746702 -0.013407 -0.000485234 0.99991 -0.999917
0.999932 -0.000305128 0.0116888 0.0305249 0.000282838 0.999998 0.00190857 -0.001947 -0.0116893 -0.00190514 0.99993 -0.999532
0.99992 0.00323883 0.0122016 0.0078844 -0.00324821 0.999994 0.000749276 0.00376768 -0.0121991 -0.00078885 0.999925 -0.999962
0.999927 0.000586672 0.01206 0.000973914 -0.000578439 1 -0.000686142 0.0197624 -0.0120604 0.000679116 0.999927 -0.999804
0.999945 0.000836803 0.010408 0.026231 -0.000807042 0.999996 -0.00286323 0.0110387 -0.0104104 0.00285467 0.999942 -0.999595
0.999976 0.000690752 0.00686886 0.0447333 -0.000670167 0.999995 -0.00299875 0.0226454 -0.0068709 0.00299408 0.999972 -0.998742
0.999953 0.000947357 0.00964892 -0.00965046 -0.0009478 1 4.13649e-005 0.00980828 -0.00964888 -5.05082e-005 0.999953 -0.999905
0.999946 0.00396785 0.00960852 -0.00690733 -0.00399733 0.999987 0.00305079 -0.0109323 -0.0095963 -0.00308903 0.999949 -0.999916
0.999974 0.00265498 0.00663274 0.0254642 -0.00267076 0.999994 0.00237157 0.0160933 -0.0066264 -0.00238923 0.999975 -0.999546
0.999991 -0.000250966 0.00418247 0.0473526 0.000245258 0.999999 0.0013653 0.0335819 -0.00418281 -0.00136426 0.99999 -0.998314
0.999976 0.00376927 0.00583003 0.00681528 -0.0037843 0.99999 0.00256924 0.0147683 -0.00582029 -0.00259124 0.99998 -0.999868
0.999974 0.00419421 0.00584813 0.00375358 -0.00419586 0.999991 0.000270887 -1.158e-005 -0.00584694 -0.000295418 0.999983 -0.999993
0.999991 0.00232158 0.00345635 0.0420321 -0.00231118 0.999993 -0.00301064 -0.0018761 -0.00346332 0.00300262 0.999989 -0.999114
0.999982 0.00380295 0.00455584 -0.0128014 -0.00378598 0.999986 -0.00372774 0.00586573 -0.00456995 0.00371042 0.999983 -0.999901
0.999989 -6.4569e-005 0.00468695 -0.0501583 7.2836e-005 0.999998 -0.00176367 0.032155 -0.00468683 0.00176399 0.999987 -0.998224
0.999987 0.00337528 0.003697 0.0175239 -0.00337407 0.999994 -0.0003329 -0.00627601 -0.00369811 0.000320422 0.999993 -0.999827
0.999993 0.00171384 0.00322483 -0.0135678 -0.00170893 0.999997 -0.00152479 0.0141666 -0.00322743 0.00151927 0.999994 -0.999808
0.999993 0.00211362 0.00296728 0.00369349 -0.00210716 0.999995 -0.00217971 0.018376 -0.00297188 0.00217345 0.999993 -0.999824
0.999988 0.00480735 0.000508871 0.0705378 -0.00480787 0.999988 0.00101977 -0.0145573 -0.000503962 -0.0010222 0.999999 -0.997403
0.999997 0.000553343 0.00258334 -0.0565506 -0.00054683 0.999997 -0.00252119 0.0652895 -0.00258473 0.00251977 0.999993 -0.996263
0.999986 0.00483929 0.00211388 0.0164167 -0.00483835 0.999988 -0.000449377 -0.026767 -0.00211603 0.000439143 0.999998 -0.999507
0.999996 -0.000681439 0.00281564 -0.0265223 0.000688696 0.999996 -0.00257705 0.0303388 -0.00281388 0.00257898 0.999993 -0.999188
0.999973 0.00730423 -0.000178568 0.0733318 -0.00730366 0.999969 0.00300692 -0.035942 0.000200526 -0.00300554 0.999995 -0.99666
0.999987 0.00181958 0.0047893 -0.101369 -0.00181951 0.999998 -1.77171e-005 0.0328862 -0.00478932 9.00265e-006 0.999989 -0.994305
1 0.000257269 -0.000543439 0.0452282 -0.000256966 1 0.000557344 0.0311251 0.000543583 -0.000557204 1 -0.998492
0.999997 0.000969759 -0.00211903 0.0481052 -0.000963956 0.999996 0.0027381 -0.009941 0.00212167 -0.00273605 0.999994 -0.998793
0.999993 -0.00286639 -0.00236324 0.0123108 0.00286694 0.999996 0.000230024 0.027231 0.00236257 -0.000236798 0.999997 -0.999553
0.999981 -0.00249097 -0.005678 0.0564599 0.00249353 0.999997 0.000444157 0.0316419 0.00567687 -0.000458307 0.999984 -0.997903
0.999972 -0.00155403 -0.00727925 0.0378218 0.00158007 0.999992 0.00357287 -0.017966 0.00727365 -0.00358427 0.999967 -0.999123
0.99998 -0.00040891 -0.00624315 -0.0220529 0.000409827 1 0.00014555 0.0104945 0.00624309 -0.000148106 0.999981 -0.999702
0.99998 -0.00217756 -0.00601425 -0.0370484 0.00217453 0.999998 -0.000510791 0.00475455 0.00601534 0.000497702 0.999982 -0.999302
0.999964 -0.0017568 -0.0082796 -0.0288838 0.00175423 0.999998 -0.000317835 0.00972777 0.00828014 0.000303299 0.999966 -0.999535
0.999947 0.000212796 -0.0102749 0.0302792 -0.000204174 1 0.000840209 -0.00311395 0.010275 -0.000838067 0.999947 -0.999537
0.999952 -0.00237496 -0.00954499 -0.032342 0.00237695 0.999997 0.00019753 0.00868414 0.00954449 -0.000220208 0.999954 -0.999439
0.99988 -0.00162749 -0.0154034 0.121007 0.0016292 0.999999 9.81515e-005 0.0352745 0.0154032 -0.000123235 0.999881 -0.992025
0.999875 -0.00297566 -0.0155376 0.0757977 0.00300322 0.999994 0.00175076 0.0405577 0.0155323 -0.00179721 0.999878 -0.996298
0.999929 -0.00243096 -0.0116718 -0.0155169 0.0024528 0.999995 0.00185761 0.0205889 0.0116673 -0.00188611 0.99993 -0.999668
0.99992 -0.00205807 -0.0124737 -0.0172209 0.00205827 0.999998 3.90808e-006 0.010288 0.0124737 -2.95822e-005 0.999922 -0.999799
0.999855 -0.00108944 -0.0169976 0.0443114 0.00106937 0.999999 -0.0011901 0.000538364 0.0169988 0.00117175 0.999855 -0.999018
0.999916 -0.000131145 -0.0129392 -0.00580256 0.000128269 1 -0.000223105 -0.00378336 0.0129392 0.000221427 0.999916 -0.999976
0.999854 -0.000620727 -0.0170558 0.0453727 0.00061467 1 -0.000360343 0.0164873 0.017056 0.000349807 0.999854 -0.998834
0.999921 -0.00173139 -0.0124113 0.00796493 0.00174401 0.999998 0.00100546 0.0153169 0.0124095 -0.00102703 0.999922 -0.999851
0.999857 1.7902e-005 -0.0169396 0.0767401 8.17144e-006 0.999999 0.00153913 0.0137758 0.0169396 -0.00153904 0.999855 -0.996956
0.999885 0.00170459 -0.0150681 0.044005 -0.00169882 0.999998 0.000395707 0.0238853 0.0150688 -0.000370064 0.999886 -0.998746
0.999922 0.000147737 -0.0124536 -0.00152086 -0.000148225 1 -3.82897e-005 0.021382 0.0124536 4.01327e-005 0.999922 -0.99977
0.999905 -0.0019468 -0.0136282 0.0327773 0.00192005 0.999996 -0.00197594 0.0176776 0.013632 0.00194959 0.999905 -0.999306
0.999901 -0.000787836 -0.0140653 0.0450547 0.000743354 0.999995 -0.00316749 0.0114712 0.0140678 0.00315672 0.999896 -0.998919
0.999934 -0.00290902 -0.0111436 -0.0557827 0.00289006 0.999994 -0.00171721 0.0326204 0.0111485 0.00168489 0.999936 -0.99791
0.999888 -0.00234348 -0.0147784 0.0440867 0.00238216 0.999994 0.00260024 -0.00439106 0.0147722 -0.00263515 0.999887 -0.999018
0.999906 -0.0028578 -0.0133803 0.0323425 0.00288505 0.999994 0.00201768 0.00753763 0.0133745 -0.00205609 0.999908 -0.999448
0.999918 -0.00116617 -0.0127737 0.00913589 0.00116894 0.999999 0.000209445 0.0255461 0.0127735 -0.000224359 0.999918 -0.999632
0.999825 -0.00249829 -0.0185261 0.136666 0.00245026 0.999994 -0.00261473 0.0352864 0.0185325 0.00256888 0.999825 -0.989989
0.999932 -0.000242081 -0.011653 -0.0121914 0.000222204 0.999999 -0.00170698 0.022506 0.0116533 0.00170427 0.999931 -0.999672
0.999945 -0.000142045 -0.0105071 -0.0101383 0.000125431 0.999999 -0.00158192 0.0272762 0.0105073 0.00158051 0.999944 -0.999577
0.99995 -0.00165366 -0.0098721 -0.0344354 0.00166992 0.999997 0.00163933 -0.00750403 0.00986936 -0.00165573 0.99995 -0.999379
0.999931 -0.0015182 -0.0116703 0.035666 0.00151455 0.999999 -0.000321452 0.0202227 0.0116707 0.000303754 0.999932 -0.999159
0.999948 -0.00195246 -0.0100189 0.0225149 0.00192271 0.999994 -0.00297826 0.0274538 0.0100246 0.00295884 0.999945 -0.999369
0.999942 -0.000842734 -0.0107322 0.00978034 0.000815119 0.999996 -0.0025772 0.0262279 0.0107344 0.0025683 0.999939 -0.999608
0.999945 -0.00245564 -0.0102409 0.0183777 0.00245079 0.999997 -0.000485823 0.0184776 0.010242 0.000460698 0.999947 -0.99966
0.999915 -0.000372982 -0.0130508 0.057297 0.000374908 1 0.000145134 0.00751875 0.0130507 -0.000150015 0.999915 -0.998329
0.99991 -0.00158565 -0.0133119 0.0299965 0.00158037 0.999999 -0.000407299 0.000923942 0.0133125 0.000386225 0.999911 -0.99955
0.99991 -0.00144755 -0.0133108 0.0251905 0.00141393 0.999996 -0.00253475 0.0155341 0.0133144 0.00251571 0.999908 -0.999562
0.999908 -0.00356013 -0.0131082 -0.0214578 0.00351348 0.999987 -0.00358037 0.0321471 0.0131208 0.00353399 0.999908 -0.999253
0.999858 -0.00162588 -0.0167662 0.0839888 0.00160789 0.999998 -0.00108695 0.047192 0.016768 0.00105983 0.999859 -0.995349
0.999887 -0.00169031 -0.0149354 0.0349071 0.00170045 0.999998 0.000666588 0.0187354 0.0149343 -0.000691909 0.999888 -0.999215
0.999876 -0.000453957 -0.015738 0.0190905 0.000494938 0.999996 0.00260013 0.00936992 0.0157368 -0.0026076 0.999873 -0.999774
0.999875 -0.00166757 -0.0157141 -0.0354989 0.00165998 0.999998 -0.00049575 0.024689 0.0157149 0.000469603 0.999876 -0.999065
0.999867 0.000118169 -0.0162779 -0.0240483 -0.000144947 0.999999 -0.0016439 0.0133554 0.0162777 0.00164605 0.999866 -0.999622
0.999866 -0.00242136 -0.0162117 0.00441779 0.00236806 0.999992 -0.00330632 0.042552 0.0162196 0.00326748 0.999863 -0.999084
0.999864 0.000742524 -0.0164846 0.020779 -0.000770015 0.999998 -0.00166139 -0.0108128 0.0164833 0.00167385 0.999863 -0.999726
0.99989 0.000714482 -0.0148457 -0.0193355 -0.000756473 0.999996 -0.00282306 0.010238 0.0148436 0.00283398 0.999886 -0.999761
0.999878 0.000909615 -0.0156164 0.0266865 -0.000933156 0.999998 -0.00150022 0.0174603 0.015615 0.00151461 0.999877 -0.999491
0.999919 0.000322598 -0.0127141 -0.0425433 -0.000341071 0.999999 -0.00145085 0.0179002 0.0127136 0.00145507 0.999918 -0.998934
0.999937 0.00185532 -0.0110558 -0.0440667 -0.00186898 0.999998 -0.0012253 0.036301 0.0110535 0.00124589 0.999938 -0.998369
0.999921 0.000279379 -0.0125904 -0.0028216 -0.000283722 1 -0.000343178 0.0435832 0.0125903 0.000346723 0.999921 -0.999046
0.999901 -0.00232949 -0.01388 0.0304448 0.00231983 0.999997 -0.000712227 0.0116233 0.0138816 0.000679957 0.999903 -0.999469
0.999949 0.000612272 -0.0100445 -0.0697007 -0.000613842 1 -0.000153255 -0.00257192 0.0100444 0.000159413 0.99995 -0.997565
0.999915 0.000262131 -0.0130581 0.0437242 -0.000262192 1 -2.9606e-006 0.0226301 0.0130581 6.38408e-006 0.999915 -0.998787
0.999925 0.00225406 -0.0120715 0.0529408 -0.00223905 0.999997 0.00125664 0.00553931 0.0120743 -0.00122952 0.999926 -0.998582
0.999964 0.000567294 -0.00851606 -0.0155554 -0.000566296 1 0.000119582 0.020559 0.00851613 -0.000114755 0.999964 -0.999668
0.999969 -0.00103366 -0.00783454 0.0143931 0.00102537 0.999999 -0.00106139 0.00489134 0.00783563 0.00105333 0.999969 -0.999884
0.999946 -0.000139269 -0.0104332 0.120597 0.000100418 0.999993 -0.00372423 0.0209324 0.0104337 0.00372297 0.999939 -0.992481
0.999968 -0.00407901 -0.00690152 -0.01051 0.00405001 0.999983 -0.00421034 0.0191076 0.00691857 0.00418225 0.999967 -0.999762
0.99997 -0.00211526 -0.00740697 0.0104845 0.00209919 0.999995 -0.00217709 0.00220207 0.00741154 0.00216148 0.99997 -0.999943
0.999972 -0.00221182 -0.00709102 -0.0106884 0.00219993 0.999996 -0.00168403 -0.0158831 0.00709472 0.00166839 0.999973 -0.999817
0.99997 -0.00155704 -0.00759739 0.0296452 0.00153823 0.999996 -0.00248108 0.0275666 0.00760122 0.00246932 0.999968 -0.99918
0.999985 0.000279068 -0.00543219 -0.0236224 -0.00029552 0.999995 -0.00302797 0.0202758 0.00543132 0.00302953 0.999981 -0.999515
0.999965 0.000172987 -0.00838873 -0.0026074 -0.000186939 0.999999 -0.00166244 0.00564789 0.00838843 0.00166395 0.999963 -0.999981
0.999949 0.000426825 -0.0100769 0.0433997 -0.000435707 1 -0.000879193 0.000510353 0.0100765 0.000883539 0.999949 -0.999058
0.999957 0.00108686 -0.00916501 -0.00517633 -0.00108885 0.999999 -0.000212025 -0.0041889 0.00916478 0.000221995 0.999958 -0.999978
0.999963 0.00238494 -0.00831465 -0.0371118 -0.00238678 0.999997 -0.000211178 0.0175081 0.00831412 0.000231015 0.999965 -0.999158
0.999944 0.00310441 -0.0101238 0.025923 -0.00307885 0.999992 0.00253936 -0.0216218 0.0101316 -0.00250805 0.999946 -0.99943
0.999924 0.00362064 -0.0117801 -0.0171045 -0.00357694 0.999987 0.00372898 -0.0403003 0.0117935 -0.00368656 0.999924 -0.999041
0.999919 -0.000546225 -0.0127067 -0.0379707 0.000556469 1 0.000802653 -0.00286083 0.0127063 -0.000809659 0.999919 -0.999275
0.999859 -0.00187589 -0.0166819 0.0354495 0.00186571 0.999998 -0.000626209 0.014776 0.016683 0.000594998 0.999861 -0.999262
0.999824 -0.00183647 -0.0186606 -0.0186811 0.0017802 0.999994 -0.0030315 0.0108599 0.0186661 0.00299774 0.999821 -0.999767
0.999789 -0.00257716 -0.0204003 -0.00323459 0.00253929 0.999995 -0.00188201 0.0118149 0.0204051 0.00182981 0.99979 -0.999925
0.999748 -0.00100021 -0.0224442 -0.00487487 0.000974963 0.999999 -0.0011356 0.0110215 0.0224453 0.00111343 0.999747 -0.999927
0.999756 -0.00137504 -0.022056 -0.0322797 0.00133811 0.999998 -0.00168897 0.00461087 0.0220583 0.00165904 0.999755 -0.999468
0.999706 -0.000985267 -0.0242305 0.106761 0.000929952 0.999997 -0.00229404 -0.0210617 0.0242327 0.00227083 0.999704 -0.994062
0.999782 -0.00176005 -0.0207871 -0.0568373 0.00166461 0.999988 -0.00460763 0.0495214 0.020795 0.00457202 0.999773 -0.997155
0.999682 -0.00286216 -0.0250382 0.0658236 0.00275384 0.999987 -0.00435958 0.00424601 0.0250504 0.00428924 0.999677 -0.997822
0.999731 -0.00243849 -0.0230548 -0.00680947 0.00235794 0.999991 -0.00352072 0.00320026 0.0230632 0.00346541 0.999728 -0.999972
0.999763 -0.000689011 -0.0217655 -0.0308735 0.000673794 1 -0.000706472 0.0163498 0.021766 0.000691639 0.999763 -0.99939
0.999731 0.00154299 -0.0231218 0.0417409 -0.00149395 0.999997 0.00213786 -0.0100075 0.023125 -0.00210274 0.99973 -0.999078
0.999806 0.000218363 -0.0197185 -0.0478103 -0.000215773 1 0.000133474 0.0157824 0.0197186 -0.000129193 0.999806 -0.998732
0.999791 0.00122122 -0.0204095 0.0294889 -0.00126626 0.999997 -0.00219375 0.00965895 0.0204068 0.00221913 0.999789 -0.999518
0.999805 0.00132253 -0.0197212 -0.00300316 -0.0013732 0.999996 -0.00255598 0.0214627 0.0197177 0.00258256 0.999802 -0.999765
0.999802 -0.000958939 -0.0198588 -0.0112108 0.000934393 0.999999 -0.00124522 0.0135361 0.01986 0.00122642 0.999802 -0.999846
0.999828 -0.00188921 -0.0184632 -0.200988 0.00185112 0.999996 -0.00208018 0.0818904 0.0184671 0.00204565 0.999827 -0.976165
0.999749 -0.00283529 -0.0222387 0.0107359 0.00279584 0.999994 -0.00180485 0.0371316 0.0222437 0.00174222 0.999751 -0.999253
0.999832 -0.00109334 -0.0183076 -0.042375 0.00110052 0.999999 0.000382013 -0.00828816 0.0183072 -0.000402097 0.999832 -0.999067
0.99976 -0.00175276 -0.021817 0.0993258 0.00176531 0.999998 0.000556118 -0.00047837 0.021816 -0.000594499 0.999762 -0.995055
0.999852 0.00125477 -0.0171613 -0.0203233 -0.00121993 0.999997 0.0020402 -0.000927565 0.0171638 -0.00201896 0.999851 -0.999793
0.999817 -0.00309911 -0.018901 0.0024754 0.00313534 0.999993 0.00188761 0.0453945 0.018895 -0.00194652 0.99982 -0.998966
0.999789 -0.00155972 -0.0204823 0.0284196 0.00161011 0.999996 0.0024438 -0.0571956 0.0204784 -0.00247627 0.999787 -0.997958
0.999815 0.000370531 -0.0192359 0.0614039 -0.000327708 0.999997 0.00222929 0.0122834 0.0192367 -0.00222257 0.999812 -0.998037
0.999793 -0.00157723 -0.0202888 0.0447917 0.00169403 0.999982 0.00574102 -0.000743894 0.0202794 -0.0057742 0.999778 -0.998996
0.999829 -0.000170287 -0.0185181 0.0191998 0.000302766 0.999974 0.00715145 -0.021965 0.0185164 -0.00715583 0.999803 -0.999574
0.999815 -0.000562114 -0.0192353 0.165291 0.000648146 0.99999 0.00446666 0.00556069 0.0192326 -0.0044783 0.999805 -0.986229
0.999836 -0.000731805 -0.0180995 0.0325803 0.000802726 0.999992 0.0039114 0.0283401 0.0180965 -0.00392529 0.999829 -0.999067
0.999881 -0.00266536 -0.0151829 -0.19985 0.00268129 0.999996 0.00102908 0.0793115 0.0151801 -0.00106967 0.999884 -0.976611
0.999883 -0.000908051 -0.0152903 -0.172711 0.000884058 0.999998 -0.00157589 0.0782105 0.0152917 0.00156219 0.999882 -0.981863
0.999809 0.00137686 -0.0194763 0.141996 -0.00139898 0.999998 -0.00112214 0.121354 0.0194747 0.00114917 0.99981 -0.9824
0.999841 0.000626159 -0.0178271 0.0575891 -0.000557775 0.999992 0.00384071 0.0493204 0.0178293 -0.00383015 0.999834 -0.997121
0.99986 -0.000317176 -0.0167351 0.00667582 0.000387886 0.999991 0.0042222 0.000120383 0.0167336 -0.0042281 0.999851 -0.999978
0.999792 -0.00179704 -0.0203248 0.200317 0.0017786 0.999998 -0.000925425 0.029264 0.0203264 0.000889083 0.999793 -0.979294
0.999846 -0.00266474 -0.0173375 -0.0577594 0.00263651 0.999995 -0.00165108 0.0897644 0.0173418 0.00160511 0.999848 -0.994287
0.999799 -0.0027986 -0.0198284 0.0795647 0.00283609 0.999994 0.00186305 0.0464728 0.0198231 -0.00191892 0.999802 -0.995746
0.999814 -0.000397925 -0.0193027 0.0579263 0.000459131 0.999995 0.00316651 0.010847 0.0193013 -0.00317478 0.999809 -0.998262
0.999803 -0.000763615 -0.0198144 0.124547 0.000784274 0.999999 0.00103485 0.0229755 0.0198136 -0.00105019 0.999803 -0.991948
0.999844 0.00138076 -0.017609 -0.0980893 -0.00128622 0.999985 0.00537904 -0.0232554 0.0176162 -0.00535556 0.99983 -0.994906
0.999781 -0.00182869 -0.0208329 -0.0314237 0.0019581 0.999979 0.00619335 -0.0258991 0.0208211 -0.00623279 0.999764 -0.999171
0.999711 -0.00145941 -0.0240072 0.0495296 0.00152261 0.999995 0.00261464 0.0255117 0.0240033 -0.00265043 0.999708 -0.998447
0.999679 -0.00113974 -0.0253032 -0.0157923 0.00115405 0.999999 0.000550692 0.0247564 0.0253026 -0.000579717 0.99968 -0.999569
0.99956 -0.00423469 -0.0293492 0.106986 0.00426756 0.99999 0.00105747 0.0634964 0.0293445 -0.00118226 0.999569 -0.992231
0.999568 -0.00296511 -0.0292269 0.0246204 0.00302919 0.999993 0.00214847 0.0240757 0.0292204 -0.00223607 0.99957 -0.999407
0.999512 -0.00338952 -0.031062 0.155057 0.00344294 0.999993 0.0016665 0.0245145 0.0310562 -0.00177263 0.999516 -0.987601
0.999595 -0.00247835 -0.0283468 0.0250969 0.0024944 0.999997 0.000530863 0.0171976 0.0283454 -0.000601356 0.999598 -0.999537
0.999536 -0.00243879 -0.030365 0.0727417 0.002484 0.999996 0.00145115 -0.0137788 0.0303613 -0.0015259 0.999538 -0.997256
0.999568 -0.00248682 -0.0292982 -0.00413706 0.00260141 0.999989 0.00387378 -0.00884295 0.0292882 -0.00394832 0.999563 -0.999952
0.999566 -0.000617376 -0.0294588 0.117677 0.000763715 0.999987 0.00495658 -0.0212954 0.0294554 -0.00497692 0.999554 -0.992824
0.999581 -0.00128149 -0.0289132 0.0992979 0.00133775 0.999997 0.00192644 0.0223722 0.0289106 -0.00196431 0.99958 -0.994806
0.999591 -4.31797e-005 -0.0285893 0.149731 0.000132117 0.999995 0.00310899 -0.0369533 0.0285891 -0.0031115 0.999586 -0.988036
0.999691 -0.00158969 -0.0248198 -0.0134811 0.00162258 0.999998 0.00130473 -0.0249332 0.0248176 -0.0013446 0.999691 -0.999598
0.999808 -5.99608e-005 -0.0195838 -0.103421 5.90614e-005 1 -4.65052e-005 0.0531755 0.0195838 4.53396e-005 0.999808 -0.993215
0.999822 0.00195796 -0.0187696 -0.122332 -0.00191968 0.999996 0.00205758 0.0303163 0.0187736 -0.00202118 0.999822 -0.992026
0.999786 -1.07593e-005 -0.0206864 -0.0263058 3.39818e-005 0.999999 0.00112224 0.0423641 0.0206864 -0.00112271 0.999785 -0.998756
0.999791 -0.000545671 -0.020436 0.00613446 0.000621289 0.999993 0.00369404 -0.00751792 0.0204338 -0.00370597 0.999784 -0.999953
0.999762 0.00167485 -0.0217364 0.0426359 -0.00161214 0.999994 0.00290216 0.0181115 0.0217411 -0.00286643 0.99976 -0.998926
0.99972 0.00361476 -0.0233999 0.193096 -0.00355796 0.999991 0.00246839 -0.0318393 0.0234087 -0.00238444 0.999723 -0.980663
0.999847 -0.00356945 -0.017101 -0.129953 0.00353586 0.999992 -0.00199446 0.0594094 0.017108 0.00193369 0.999852 -0.989739
0.999761 -0.00329093 -0.0216192 0.0218439 0.00327288 0.999994 -0.000870266 -0.00342799 0.0216219 0.000799301 0.999766 -0.999756
0.999787 -0.00498489 -0.0200102 -0.0654985 0.00493361 0.999984 -0.00261131 0.0309264 0.0200229 0.00251203 0.999796 -0.997373
0.999671 -0.00568396 -0.0249955 0.081582 0.00567667 0.999984 -0.000362731 -0.00622597 0.0249971 0.000220721 0.999687 -0.996647
0.999599 -0.00290852 -0.0281693 0.191301 0.0030046 0.99999 0.00336918 -0.0114652 0.0281592 -0.00345246 0.999597 -0.981464
0.999752 -0.00331071 -0.022023 0.0312867 0.00335633 0.999992 0.00203494 0.020055 0.0220161 -0.00210835 0.999755 -0.999309
0.999771 -0.00361675 -0.0211072 -0.02185 0.0035787 0.999992 -0.0018402 0.0245479 0.0211137 0.00176424 0.999776 -0.99946
0.999685 -0.000116985 -0.0250829 0.0647798 9.69691e-005 1 -0.000799203 -0.00991692 0.025083 0.00079652 0.999685 -0.99785
0.999728 -0.00283812 -0.0231599 -0.0496302 0.00275846 0.99999 -0.00347084 0.00611725 0.0231695 0.00340601 0.999726 -0.998749
0.999694 -0.003212 -0.0245331 0.00515907 0.00312093 0.999988 -0.00374946 0.0355122 0.0245449 0.00367175 0.999692 -0.999356
0.999683 -0.00137796 -0.025148 0.0625025 0.0013218 0.999997 -0.00224942 0.0472295 0.025151 0.00221546 0.999681 -0.996927
0.999721 -0.00149572 -0.0235753 0.0188377 0.00144651 0.999997 -0.00210429 0.0313621 0.0235784 0.0020696 0.99972 -0.999331
0.999622 -0.0054223 -0.0269517 0.13236 0.00537173 0.999984 -0.00194839 0.0355208 0.0269618 0.00180288 0.999635 -0.990565
0.999659 -0.00381995 -0.0258198 0.059324 0.00382658 0.999993 0.000207233 0.0110174 0.0258188 -0.000305964 0.999667 -0.998178
0.999701 -0.000532363 -0.0244321 0.0240857 0.000506038 0.999999 -0.00108365 0.0445709 0.0244327 0.00107096 0.999701 -0.998716
0.999728 -0.000597186 -0.0232938 0.042593 0.00053631 0.999996 -0.00261957 0.035732 0.0232953 0.00260637 0.999725 -0.998453
0.999748 -0.00311462 -0.0222351 -0.00287283 0.00312699 0.999995 0.000521333 0.00184638 0.0222334 -0.00059073 0.999753 -0.999994
0.999796 -0.00255751 -0.0200169 -0.025204 0.00268121 0.999977 0.00615521 -0.0272907 0.0200007 -0.00620762 0.999781 -0.99931
0.999785 -0.00321546 -0.0204773 0.032319 0.00339948 0.999954 0.00895783 0.0246807 0.0204476 -0.00902552 0.99975 -0.999173
0.999818 -0.00278868 -0.0188556 0.0156866 0.00291432 0.999974 0.00663882 0.0193801 0.0188366 -0.00669257 0.9998 -0.999689
0.999787 -0.00398807 -0.020247 0.0165291 0.00404867 0.999987 0.00295253 0.0212244 0.0202349 -0.00303387 0.999791 -0.999638
0.99979 -0.00379141 -0.0201492 0.00218886 0.00379955 0.999993 0.000365659 -0.009863 0.0201477 -0.00044214 0.999797 -0.999949
0.999796 -0.00334893 -0.019908 0.0290187 0.00332436 0.999994 -0.00126721 0.00793946 0.0199121 0.00120077 0.999801 -0.999547
0.999794 -0.00405913 -0.0198697 0.0350172 0.00405581 0.999992 -0.000207277 0.0130462 0.0198704 0.000126647 0.999803 -0.999302
0.999828 -0.00188644 -0.0184338 -0.0139756 0.00183865 0.999995 -0.002609 0.0352647 0.0184386 0.00257466 0.999827 -0.99928
0.999833 -0.00175566 -0.0181919 0.00562333 0.00174612 0.999998 -0.000539892 0.0168073 0.0181928 0.000508036 0.999834 -0.999843
0.999805 -0.000371404 -0.0197248 0.030614 0.000405741 0.999998 0.00173683 -0.00476436 0.0197241 -0.00174449 0.999804 -0.99952
0.999808 -0.0053601 -0.0188436 0.0422469 0.00540824 0.999982 0.00250485 0.0211651 0.0188298 -0.00260628 0.999819 -0.998883
0.999801 -0.00388952 -0.0195493 0.0286517 0.00390725 0.999992 0.000868677 0.0285155 0.0195458 -0.000944888 0.999809 -0.999183
0.999904 -0.00123925 -0.0137733 -0.0900739 0.0012015 0.999996 -0.00274871 0.0215594 0.0137766 0.0027319 0.999901 -0.995702
0.99988 0.000951976 -0.015439 0.037519 -0.00102573 0.999988 -0.00476975 0.033189 0.0154343 0.00478501 0.999869 -0.998745
0.999869 -0.00493295 -0.0154081 0.0339994 0.004895 0.999985 -0.00249952 -0.0208451 0.0154202 0.00242377 0.999878 -0.999204
0.999921 6.64349e-005 -0.0125851 -0.000201326 -0.000112947 0.999993 -0.00369512 0.0462066 0.0125847 0.00369625 0.999914 -0.998932
0.999924 -0.00201432 -0.0121701 0.0100092 0.00202016 0.999998 0.000468124 0.000437481 0.0121691 -0.000492674 0.999926 -0.99995
0.999966 -0.00155999 -0.0080924 -0.0153784 0.00157329 0.999997 0.00163674 0.0362412 0.00808982 -0.00164942 0.999966 -0.999225
0.999976 -0.00188792 -0.00665295 0.012529 0.00190512 0.999995 0.00258038 -0.000504593 0.00664804 -0.002593 0.999975 -0.999921
0.999984 -0.00228839 -0.0051095 -0.0181718 0.00231039 0.999988 0.00430482 0.0165015 0.00509959 -0.00431656 0.999978 -0.999699
0.999981 0.000801928 -0.0060586 0.0217079 -0.000749293 0.999962 0.00868492 0.0144442 0.00606533 -0.00868021 0.999944 -0.99966
0.999995 -0.0016951 -0.00279483 -0.0260968 0.00170178 0.999996 0.00239124 0.00997653 0.00279076 -0.00239598 0.999993 -0.99961
0.999997 0.00103865 -0.00204172 -0.0326743 -0.00105553 0.999965 -0.00828354 0.00016051 0.00203304 0.00828568 0.999964 -0.999466
0.999992 0.000379524 -0.00394182 0.0590784 -0.000413111 0.999964 -0.00852318 0.00270724 0.00393844 0.00852475 0.999956 -0.99825
