0.999996 -6.33423e-006 -0.00290677 -0.122692 6.48291e-006 1 5.11398e-005 -0.0549278 0.00290677 -5.11585e-005 0.999996 -0.990924
0.999934 -0.00542167 -0.010108 0.183809 0.00549975 0.999955 0.00771319 -0.392075 0.0100658 -0.00776827 0.999919 -0.901383
0.999915 -0.0113577 -0.00633205 -0.0175851 0.0113613 0.999935 0.00054081 -0.159045 0.00632549 -0.000612705 0.99998 -0.987115
0.999935 -0.00917964 -0.00675699 -0.100816 0.00920164 0.999952 0.00323191 -0.292076 0.006727 -0.00329387 0.999972 -0.951067
0.999842 -0.00617952 -0.0166464 -0.0149809 0.00617329 0.999981 -0.000425667 -0.123576 0.0166488 0.000322837 0.999861 -0.992222
0.99994 0.00731658 0.00810523 -0.30663 -0.00659405 0.996287 -0.085841 0.944719 -0.0087032 0.0857825 0.996276 -0.116124
0.999668 -0.00121166 -0.0257398 0.00820899 0.00122581 0.999999 0.000533984 -0.127195 0.0257391 -0.000565359 0.999669 -0.991844
0.999821 0.00195045 -0.0188032 0.0234996 -0.00193298 0.999998 0.00094734 -0.0685867 0.018805 -0.000910824 0.999823 -0.997368
0.999871 -0.00400219 -0.0155744 -0.103895 0.0039999 0.999992 -0.000178353 -0.0581942 0.015575 0.000116033 0.999879 -0.992884
0.999945 0.00503913 -0.00919725 -0.0996996 -0.00503525 0.999987 0.000444669 -0.02775 0.00919938 -0.000398334 0.999958 -0.994631
0.999959 0.00694037 -0.00580185 -0.145371 -0.00695255 0.999974 -0.00208109 0.121611 0.00578725 0.00212134 0.999981 -0.981875
0.999967 0.00345194 -0.00729314 0.0372557 -0.00342754 0.999988 0.00335544 -0.122002 0.00730464 -0.00333034 0.999968 -0.99183
0.999996 0.00160337 0.00251535 -0.135252 -0.00154061 0.999692 -0.0247575 0.781349 -0.00255427 0.0247536 0.99969 -0.609262
0.999998 -0.00167489 -0.00136507 0.0312873 0.00168586 0.999966 0.0080724 -0.331178 0.00135151 -0.00807468 0.999966 -0.94305
0.999999 -0.000830605 0.00120096 -0.0716055 0.000829043 0.999999 0.00129995 -0.136901 -0.00120204 -0.00129895 0.999998 -0.987993
0.999983 0.00554666 0.00205494 -0.0213632 -0.00555623 0.999974 0.00467998 -0.248331 -0.00202893 -0.00469131 0.999987 -0.96844
0.999998 -0.00061999 0.00199056 -0.0301928 0.000568803 0.999672 0.0256132 -0.791381 -0.00200579 -0.025612 0.99967 -0.610577
0.999989 -0.00378423 0.00264219 0.00489977 0.0037838 0.999993 0.000167191 -0.0862016 -0.0026428 -0.000157192 0.999996 -0.996266
0.999978 -0.00198139 0.00639007 -0.0727217 0.00183048 0.999721 0.0235363 -0.826422 -0.00643492 -0.0235241 0.999703 -0.558335
0.999924 0.0024608 0.012089 -0.085358 -0.00273611 0.999736 0.0228102 -0.699789 -0.0120297 -0.0228416 0.999667 -0.709231
0.999939 0.00557506 0.00948556 0.122813 -0.00555124 0.999981 -0.00253607 0.145141 -0.00949952 0.00248326 0.999952 -0.981759
0.99978 0.0025285 0.0208019 -0.00184993 -0.0025613 0.999996 0.00155045 -0.070563 -0.0207979 -0.00160339 0.999782 -0.997506
0.9997 0.00959208 0.0225311 -0.126773 -0.00961555 0.999953 0.00093335 0.0766395 -0.0225211 -0.00114972 0.999746 -0.988967
0.999491 0.00569506 0.0314035 0.00930067 -0.00575046 0.999982 0.00167391 0.0184204 -0.0313934 -0.00185365 0.999505 -0.999787
0.999551 0.00221891 0.0298721 -0.18496 -0.00222199 0.999998 6.98003e-005 0.137906 -0.0298719 -0.000136144 0.999554 -0.973022
0.999566 0.00643137 0.0287505 -0.0219248 -0.00646907 0.999978 0.00121845 0.0855848 -0.028742 -0.00140391 0.999586 -0.99609
0.999863 -0.00280161 0.0163193 0.257714 0.00279445 0.999996 0.000461858 0.0049226 -0.0163205 -0.000416191 0.999867 -0.966209
0.999797 0.00182949 0.020053 0.0261818 -0.00183659 0.999998 0.000335689 0.0692294 -0.0200524 -0.00037245 0.999799 -0.997257
0.999946 0.00241992 -0.010141 0.692371 -0.00252027 0.999948 -0.00989446 0.304759 0.0101165 0.00991948 0.9999 -0.654022
0.99834 -0.00116183 0.0575835 -0.959186 0.00124891 0.999998 -0.00147625 0.0207991 -0.0575816 0.00154572 0.99834 -0.28201
0.99997 -0.00675669 0.00384312 -0.197668 0.00687038 0.999515 -0.0303815 0.849062 -0.00363597 0.030407 0.999531 -0.48992
0.999976 -0.00164329 -0.00671847 -0.0292953 0.0016254 0.999995 -0.00266802 0.0792515 0.00672283 0.00265703 0.999974 -0.996424
0.999992 -0.00274784 -0.00276083 -0.231393 0.00273732 0.999989 -0.00380722 0.132303 0.00277126 0.00379964 0.999989 -0.963822
0.999998 -0.00205259 0.000847273 -0.182492 0.00208652 0.999107 -0.0422036 0.899171 -0.000759889 0.0422052 0.999109 -0.397729
0.999982 -0.00436634 -0.00418447 -0.0915845 0.00437107 0.99999 0.00112213 -0.156202 0.00417952 -0.0011404 0.999991 -0.98347
0.999992 -0.00322028 -0.00231992 -0.176486 0.00322061 0.999995 0.000135245 -0.113111 0.00231947 -0.000142715 0.999997 -0.977782
0.999997 0.000340219 -0.00244247 -0.111519 -0.000340577 1 -0.000145916 -0.0932579 0.00244242 0.000146748 0.999997 -0.989377
0.999993 -0.00343232 -0.00161427 -0.10325 0.00343156 0.999994 -0.000477027 -0.135942 0.0016159 0.000471484 0.999999 -0.985322
0.999992 0.00374534 0.00112975 -0.215158 -0.0037209 0.999774 -0.0209117 0.520538 -0.00120782 0.0209074 0.999781 -0.826285
0.999996 0.00037156 -0.00287702 -0.169165 -0.000378602 0.999997 -0.00244751 -0.101174 0.0028761 0.00244859 0.999993 -0.980381
0.999967 -0.00704572 -0.00400116 -0.14292 0.00703914 0.999974 -0.00165674 -0.159757 0.00401272 0.00162852 0.999991 -0.976756
0.999999 0.00091342 0.00109038 -0.277545 -0.000895694 0.999869 -0.0161473 0.711847 -0.00110499 0.0161463 0.999869 -0.645169
0.999976 0.00419142 -0.00548221 -0.0207829 -0.00420533 0.999988 -0.00252887 0.0545583 0.00547154 0.00255186 0.999982 -0.998294
0.999985 -0.00400929 -0.00368653 0.0185196 0.00401611 0.99999 0.00184593 -0.226663 0.00367909 -0.00186071 0.999992 -0.973797
0.999982 -0.00591519 -0.000390277 -0.0298181 0.00591625 0.999979 0.00278345 -0.229748 0.000373804 -0.00278571 0.999996 -0.972793
0.999977 -0.00625587 0.00276528 -0.115322 0.00625109 0.999979 0.00173309 -0.202358 -0.00277606 -0.00171577 0.999995 -0.972498
0.999943 -0.00373083 -0.0099662 0.178483 0.00420068 0.99886 0.0475468 -0.836247 0.00977745 -0.0475859 0.998819 -0.518492
0.999438 0.00996077 0.0319987 -0.409512 -0.00761428 0.99733 -0.072633 0.897016 -0.0326368 0.0723486 0.996845 -0.16632
0.999998 0.00152329 -0.00153278 -0.0268141 -0.00152945 0.999991 -0.00402788 0.0239973 0.00152663 0.00403021 0.999991 -0.999352
0.999983 -0.00403314 -0.00419749 0.00169675 0.00401923 0.999986 -0.0033182 -0.0596309 0.00421082 0.00330127 0.999986 -0.998219
0.999969 0.00422664 0.00658754 -0.221903 -0.0039067 0.998847 -0.0478451 0.879154 -0.00678217 0.0478179 0.998833 -0.42172
0.999999 7.65844e-006 -0.00147803 -0.068887 -9.8183e-006 0.999999 -0.00146131 -0.0486306 0.00147802 0.00146132 0.999998 -0.996438
0.999988 0.00449909 -0.00170733 -0.0422476 -0.00453814 0.999711 -0.0236051 0.715696 0.00160064 0.0236126 0.99972 -0.697133
0.999988 -0.00460022 -0.00168153 -0.0438017 0.00459755 0.999988 -0.00158872 -0.0840884 0.00168882 0.00158097 0.999997 -0.995495
0.999969 0.00682281 -0.00401007 0.011221 -0.00708987 0.997461 -0.0708609 0.967486 0.00351641 0.0708872 0.997478 -0.252676
0.999974 0.00583341 0.00420274 -0.206229 -0.00575715 0.999823 -0.0179342 0.667162 -0.00430661 0.0179096 0.99983 -0.715796
0.999994 0.00294279 -0.00194857 -0.0315894 -0.00293953 0.999994 0.00167582 -0.0232051 0.0019535 -0.00167008 0.999997 -0.999232
0.999988 0.00375262 -0.00310342 0.00167442 -0.00374039 0.999985 0.00393841 -0.0834778 0.00311815 -0.00392675 0.999987 -0.996508
0.99999 0.00416542 -0.00136236 -0.0400957 -0.00416339 0.99999 0.00148769 -0.00866155 0.00136855 -0.001482 0.999998 -0.999158
0.999999 -0.00094254 -0.00110111 -0.0594963 0.000944685 0.999998 0.00194909 -0.117858 0.00109927 -0.00195013 0.999997 -0.991247
0.999929 -0.00671657 0.00982933 -0.215466 0.00629584 0.999088 0.0422266 -0.863117 -0.010104 -0.0421617 0.99906 -0.456731
0.999989 -0.00461641 5.12778e-005 -0.0552946 0.00461639 0.999989 0.000511731 -0.0726248 -5.36396e-005 -0.000511489 1 -0.995825
0.999998 0.00177546 0.000394879 -0.054758 -0.00177581 0.999998 0.000873671 -0.0542277 -0.000393327 -0.000874371 1 -0.997026
0.999896 0.00940114 0.010954 -0.181644 -0.00844148 0.996381 -0.0845818 0.956219 -0.0117095 0.0844806 0.996356 -0.229458
0.999981 0.00164408 -0.00601361 -0.00255638 -0.00163038 0.999996 0.00228334 -0.0685815 0.00601734 -0.00227349 0.999979 -0.997642
0.999989 0.00463076 0.000218366 -0.197525 -0.00462354 0.999653 -0.0259234 0.763958 -0.000338336 0.0259221 0.999664 -0.61429
0.999998 -0.00163868 0.00114355 -0.199397 0.00160775 0.999646 0.0265438 -0.837678 -0.00118665 -0.026542 0.999647 -0.508465
0.999977 -0.000123632 -0.00680657 0.0407472 0.000196538 0.999943 0.0107116 -0.312611 0.00680486 -0.0107126 0.999919 -0.949007
0.999991 -0.00340637 -0.00245457 -0.0808713 0.00341252 0.999991 0.00250745 -0.0649707 0.00244601 -0.00251581 0.999994 -0.994605
0.999996 0.000760862 -0.00275767 -0.00133712 -0.000748365 0.999989 0.00452998 -0.126879 0.00276109 -0.0045279 0.999986 -0.991917
0.999994 -0.00333784 -0.000399341 -0.08709 0.00333785 0.999994 6.56909e-006 -0.0803401 0.000399317 -7.90199e-006 1 -0.992956
1 0.000628879 4.24008e-005 -0.074662 -0.00062888 1 2.75877e-005 -0.0545343 -4.23835e-005 -2.76143e-005 1 -0.995717
0.999997 -0.00232171 0.00039539 -0.0720338 0.00232137 0.999997 0.000875994 -0.166704 -0.000397423 -0.000875073 1 -0.983372
0.999997 -0.00156343 0.00162242 -0.0611165 0.00156341 0.999999 1.08131e-005 -0.0847278 -0.00162244 -8.27651e-006 0.999999 -0.994528
0.999988 -0.00489002 -0.000921915 0.0109307 0.00489941 0.999933 0.0104835 -0.414486 0.000870589 -0.0104879 0.999945 -0.90999
1 -0.000507957 0.00047679 -0.0456881 0.000507329 0.999999 0.00131609 -0.110815 -0.000477458 -0.00131585 0.999999 -0.99279
0.999972 -0.00730994 -0.00181455 -0.0484676 0.00730972 0.999973 -0.000126449 -0.132003 0.00181542 0.000113182 0.999998 -0.990064
0.999997 0.00126302 -0.00226841 -0.0170224 -0.00125162 0.999987 0.00502028 -0.242983 0.00227472 -0.00501742 0.999985 -0.969881
0.999994 0.0017693 0.00282627 -0.274986 -0.00175432 0.999984 -0.00529373 0.285023 -0.00283559 0.00528874 0.999982 -0.918229
0.999974 -0.00662675 0.00266544 -0.171196 0.00655529 0.999641 0.0259788 -0.770588 -0.00283664 -0.0259607 0.999659 -0.613911
0.999961 0.0049264 0.00736723 -0.317433 -0.00481538 0.999876 -0.0150121 0.483328 -0.00744027 0.0149761 0.99986 -0.815862
0.999997 -0.00137213 -0.00221147 0.0656525 0.00139294 0.999954 0.00943707 -0.436948 0.00219842 -0.00944012 0.999953 -0.897088
0.999995 0.00126437 0.0028583 -0.0749775 -0.00126014 0.999998 -0.00148071 -0.0902462 -0.00286017 0.0014771 0.999995 -0.993093
0.999994 -0.000945986 0.00340315 0.011922 0.000950316 0.999999 -0.0012708 -0.0704963 -0.00340194 0.00127403 0.999993 -0.997441
0.999947 -0.00620446 0.00824285 -0.110673 0.00597665 0.999607 0.0273797 -0.802652 -0.00840949 -0.027329 0.999591 -0.58609
0.999987 -0.00207787 0.00463871 -0.0738356 0.00207675 0.999998 0.000246145 -0.115614 -0.00463921 -0.000236508 0.999989 -0.990546
0.999988 -0.00461943 0.00171698 -0.0484958 0.0046182 0.999989 0.000719667 -0.176879 -0.00172028 -0.000711729 0.999998 -0.983037
0.999995 -0.00291898 -0.00108841 -0.0552489 0.00292186 0.999992 0.00265093 -0.171425 0.00108067 -0.00265409 0.999996 -0.983647
0.999982 2.01567e-005 -0.00604532 -0.0619777 -1.90171e-006 0.999995 0.00301969 -0.117048 0.00604535 -0.00301962 0.999977 -0.99119
0.999979 -0.00197368 -0.00620424 -0.104829 0.00198346 0.999997 0.00156988 -0.0876784 0.00620113 -0.00158215 0.99998 -0.990618
0.999958 0.00171733 -0.00897904 -0.0394565 -0.00171542 0.999999 0.00022057 -0.0521847 0.0089794 -0.000205158 0.99996 -0.997858
0.99999 -0.000923239 -0.00432182 -0.16231 0.000927236 0.999999 0.000922991 -0.0737513 0.00432096 -0.000926989 0.99999 -0.98398
0.999994 0.00252356 -0.00229892 -0.143542 -0.00252611 0.999996 -0.00110898 0.0270728 0.00229611 0.00111478 0.999997 -0.989274
0.99998 -0.00520113 -0.00369172 0.0491772 0.00525597 0.999874 0.0150052 -0.443395 0.00361321 -0.0150243 0.999881 -0.894976
0.99999 -0.00427165 -0.00124456 0.0565898 0.00427592 0.999985 0.00344661 -0.187184 0.00122982 -0.0034519 0.999993 -0.980694
0.999973 0.00266968 0.00681021 -0.115041 -0.00267028 0.999996 7.88768e-005 -0.0819537 -0.00680998 -9.70598e-005 0.999977 -0.989974
0.999981 0.000708923 0.00613667 -0.0474781 -0.000699898 0.999999 -0.00147259 -0.0848013 -0.0061377 0.00146827 0.99998 -0.995266
0.999967 0.00150455 0.007928 -0.0826311 -0.00150114 0.999999 -0.000436073 -0.078655 -0.00792864 0.000424158 0.999968 -0.993471
0.999959 -0.00164428 0.00889699 -0.075619 0.00163423 0.999998 0.00113673 -0.156056 -0.00889884 -0.00112215 0.99996 -0.984849
0.99994 -0.00244149 0.010715 -0.0778062 0.00243241 0.999997 0.000860611 -0.145168 -0.0107171 -0.000834496 0.999942 -0.986343
0.999915 -0.00243147 0.0127881 -0.104291 0.00245568 0.999995 -0.00187755 -0.062335 -0.0127834 0.00190879 0.999916 -0.992591
0.999961 0.00045963 0.00882697 -0.0925455 -0.000446924 0.999999 -0.00144133 -0.0708394 -0.00882763 0.00143733 0.99996 -0.993185
0.999969 -0.00524952 0.00594997 0.00966721 0.00523282 0.999982 0.00281999 -0.271692 -0.00596467 -0.00278877 0.999978 -0.962336
0.999963 -0.00132404 0.00845326 -0.173719 0.00133078 0.999999 -0.000792036 -0.103711 -0.0084522 0.000803257 0.999964 -0.979319
0.999978 -0.00554484 0.00359047 0.0298791 0.00554272 0.999984 0.000598474 -0.182416 -0.00359373 -0.00057856 0.999993 -0.982767
0.999989 -0.00131744 0.00447152 0.00890938 0.00130019 0.999992 0.00385863 -0.207094 -0.00447656 -0.00385277 0.999983 -0.97828
0.999974 -0.00450074 0.00565356 -0.176696 0.00449924 0.99999 0.000279019 -0.161042 -0.00565476 -0.000253575 0.999984 -0.971002
0.999996 -0.000807399 0.00280381 -0.136167 0.000803943 0.999999 0.00123374 -0.114324 -0.00280481 -0.00123148 0.999995 -0.984067
0.999988 -0.00234312 -0.00425619 -0.0453496 0.0023431 0.999997 -1.00893e-005 -0.114501 0.00425621 1.16538e-007 0.999991 -0.992387
0.999983 -0.00107159 -0.0057591 -0.0739344 0.00107164 0.999999 7.08928e-006 -0.072444 0.00575909 -1.32609e-005 0.999983 -0.994628
0.999993 0.000521544 -0.00363725 -0.126901 -0.000507256 0.999992 0.00392811 -0.240719 0.00363927 -0.00392624 0.999986 -0.962263
0.999973 -0.00423285 -0.00603206 -0.0651142 0.00423268 0.999991 -4.02807e-005 -0.0831881 0.00603218 1.47478e-005 0.999982 -0.994404
0.999954 -0.00411906 -0.00862706 0.0182668 0.00413858 0.999989 0.00224509 -0.12395 0.00861772 -0.00228069 0.99996 -0.99212
0.99993 -0.00638292 -0.00995865 0.0426196 0.00651982 0.999884 0.013776 -0.417323 0.00986956 -0.0138399 0.999856 -0.907758
0.999985 -0.00221219 -0.00502538 -0.0611621 0.00222344 0.999995 0.00223304 -0.0601748 0.00502042 -0.00224418 0.999985 -0.996312
0.999984 -0.00159555 -0.00534943 -0.0474787 0.00161952 0.999989 0.0044793 -0.117759 0.00534223 -0.0044879 0.999976 -0.991907
0.999989 0.000688468 -0.00455573 -0.0604209 -0.000677169 0.999997 0.00248123 -0.0731208 0.00455742 -0.00247812 0.999987 -0.995491
0.999979 0.00647642 0.000560038 -0.150882 -0.00644856 0.999165 -0.0403379 0.853845 -0.000820816 0.0403335 0.999186 -0.498181
0.999992 -0.00338543 -0.00233592 -0.0575977 0.00339569 0.999985 0.00440335 -0.224703 0.00232098 -0.00441124 0.999988 -0.972724
1 -0.000604507 -0.000411401 0.0117451 0.000605197 0.999998 0.00167924 -0.114097 0.000410385 -0.00167949 0.999999 -0.9934
0.999998 0.000330045 0.00213255 0.0105816 -0.000330652 1 0.000284342 -0.0823076 -0.00213245 -0.000285046 0.999998 -0.996551
0.99999 -0.000330907 0.00443658 -0.0745391 0.000330771 1 3.1218e-005 -0.100783 -0.00443659 -2.97502e-005 0.99999 -0.992112
0.999958 -0.00558465 0.00723276 -0.193805 0.00558486 0.999984 -7.83325e-006 -0.0974317 -0.0072326 4.82268e-005 0.999974 -0.97619
0.99998 -0.00211605 0.00590173 -0.0660395 0.0021171 0.999998 -0.00017306 -0.0810261 -0.00590135 0.000185551 0.999983 -0.994522
0.999967 -0.000192103 0.00808097 -0.112468 0.000200539 0.999999 -0.00104305 -0.075026 -0.00808076 0.00104464 0.999967 -0.990819
0.999958 -0.00222986 0.00889243 -0.0725296 0.00224452 0.999996 -0.0016397 -0.0645173 -0.00888874 0.00165959 0.999959 -0.995277
0.999971 -0.00504876 0.00578133 -0.000629563 0.00506257 0.999984 -0.00237545 -0.0302159 -0.00576924 0.00240464 0.99998 -0.999543
0.999966 -0.00532885 0.00624211 -0.0788995 0.00533404 0.999985 -0.000815682 -0.0713026 -0.00623767 0.000848951 0.99998 -0.994329
0.999971 -0.00633613 0.00415952 -0.0444527 0.00627674 0.99988 0.014139 -0.498146 -0.00424861 -0.0141125 0.999891 -0.865953
0.999997 -0.00231052 0.000887877 -0.0606056 0.00231183 0.999996 -0.00147918 -0.0171187 -0.000884456 0.00148123 0.999999 -0.998015
0.999996 -0.00270208 0.000736936 -0.148869 0.00270371 0.999994 -0.00221934 0.0373373 -0.000730934 0.00222132 0.999997 -0.988152
0.999989 -0.00395913 -0.00255521 -0.0903093 0.00396088 0.999992 0.000679773 -0.132197 0.0025525 -0.000689887 0.999997 -0.987101
0.999982 -0.000422126 -0.00599855 -0.0337474 0.000413814 0.999999 -0.00138685 -0.0531723 0.00599913 0.00138434 0.999981 -0.998015
0.999952 -0.00888744 -0.00416394 -0.196524 0.00889271 0.99996 0.00124864 -0.178964 0.00415267 -0.00128561 0.999991 -0.964028
0.999971 -0.00420449 -0.00639142 -0.0895152 0.00418291 0.999986 -0.0033872 -0.0215604 0.00640557 0.00336036 0.999974 -0.995752
0.999993 -0.00151884 -0.00341294 -0.203183 0.0014774 0.999926 -0.0121113 0.460366 0.00343108 0.0121062 0.999921 -0.864164
0.999844 -0.0124683 -0.0124906 0.0607931 0.0126309 0.999835 0.0130265 -0.439297 0.0123261 -0.0131822 0.999837 -0.896282
0.999863 -0.00650711 -0.0152043 0.304147 0.00659431 0.999962 0.00569194 -0.270915 0.0151667 -0.00579143 0.999868 -0.913291
0.999963 0.00479271 -0.00708433 -0.0541225 -0.00477678 0.999986 0.00226423 -0.0760888 0.00709509 -0.00223031 0.999972 -0.995631
0.999982 0.000327442 -0.00604375 -0.0569412 -0.000324312 1 0.000518903 -0.0635734 0.00604392 -0.000516933 0.999982 -0.996351
0.999977 -0.00187222 -0.00645228 -0.0808444 0.00187284 0.999998 9.10586e-005 -0.0327835 0.0064521 -0.000103141 0.999979 -0.996187
0.999984 -0.00349437 -0.00454968 -0.0394762 0.00349406 0.999994 -7.73928e-005 -0.0458437 0.00454992 6.14947e-005 0.99999 -0.998168
0.999995 0.00211921 -0.00236481 -0.034903 -0.0021124 0.999994 0.00288165 -0.0950893 0.0023709 -0.00287664 0.999993 -0.994857
0.999993 -0.00384711 0.000365497 -0.0911761 0.00384705 0.999993 0.000155757 -0.0753353 -0.000366093 -0.00015435 1 -0.992981
0.999992 -0.00398548 -0.000570989 0.00183297 0.00398477 0.999991 -0.00123901 -0.0594383 0.000575923 0.00123673 0.999999 -0.99823
0.999993 -0.00318687 0.0020785 -0.06863 0.0031898 0.999994 -0.00140804 -0.0516924 -0.002074 0.00141466 0.999997 -0.996302
0.999997 -0.00179118 0.00169782 -0.0579448 0.00179322 0.999998 -0.00120041 -0.0240934 -0.00169567 0.00120346 0.999998 -0.998029
0.999991 0.00359872 0.00214241 -0.0423696 -0.0036008 0.999993 0.000967498 -0.099049 -0.00213892 -0.000975204 0.999997 -0.99418
1 1.12261e-012 -1.70891e-013 -0.0787424 -1.12234e-012 1 1.60462e-013 -0.0354547 1.70933e-013 -1.60469e-013 1 -0.996264
0.999999 0.00150413 7.21638e-005 -0.0582414 -0.0015041 0.999999 -0.000451965 -0.0602467 -7.28435e-005 0.000451856 1 -0.996483
0.999993 0.00334692 0.00189716 -0.110929 -0.00334754 0.999994 0.000319498 -0.0795509 -0.00189608 -0.000325847 0.999998 -0.990639
0.999993 0.00267955 0.00257306 -0.0582619 -0.00268492 0.999994 0.00208239 -0.14688 -0.00256746 -0.00208928 0.999995 -0.987437
0.99998 -0.00630016 0.000907397 -0.00848183 0.00630098 0.99998 -0.00089514 -0.0401577 -0.000901739 0.00090084 0.999999 -0.999157
0.999991 -0.00274998 0.00320791 -0.0649631 0.00274504 0.999995 0.00154502 -0.0953905 -0.00321214 -0.0015362 0.999994 -0.993318
0.999988 -0.00278732 0.00406668 -0.218053 0.00277969 0.999994 0.00188047 -0.163875 -0.0040719 -0.00186915 0.99999 -0.96208
0.999989 -0.00441403 -0.00133004 -0.0587973 0.00441125 0.999988 -0.00208328 -0.0687584 0.00133922 0.00207739 0.999997 -0.995899
0.999993 0.00269942 -0.00243252 -0.0119636 -0.0026995 0.999996 -3.08089e-005 -0.0810775 0.00243243 3.73752e-005 0.999997 -0.996636
0.999984 -7.22231e-005 -0.00573765 -0.0173886 7.7812e-005 1 0.000973852 -0.109049 0.00573757 -0.000974283 0.999983 -0.993884
0.999989 -0.00310971 -0.00363007 -0.0794113 0.00310235 0.999993 -0.00203076 -0.0485748 0.00363636 0.00201948 0.999991 -0.995658
0.999995 -0.00316938 -0.000795088 -0.183712 0.00316822 0.999994 -0.00145768 -0.0553899 0.000799703 0.00145515 0.999999 -0.981418
0.999986 -0.00374961 -0.00360945 -0.042623 0.00375076 0.999993 0.000312564 -0.0678037 0.00360825 -0.000326098 0.999993 -0.996788
0.999997 -0.00230755 -0.000710464 -0.215996 0.00230742 0.999997 -0.00017778 -0.0197545 0.000710872 0.00017614 1 -0.976194
0.99998 0.0044415 -0.00444801 -0.054031 -0.0044379 0.99999 0.000818752 -0.0905469 0.0044516 -0.000798996 0.99999 -0.994425
0.999991 0.00288098 -0.00296753 -0.0617157 -0.00288456 0.999995 -0.00120283 -0.0778306 0.00296405 0.00121137 0.999995 -0.995055
0.999971 0.00758326 -1.60077e-005 -0.021987 -0.00758324 0.999971 0.00117872 -0.109057 2.49458e-005 -0.00117857 0.999999 -0.993792
0.99999 0.00020833 0.00438548 -0.0746888 -0.000211821 1 0.000795405 -0.115405 -0.00438531 -0.000796326 0.99999 -0.990507
0.999982 0.00188634 0.00569605 -0.083156 -0.00188627 0.999998 -1.68335e-005 -0.0769897 -0.00569607 6.08893e-006 0.999984 -0.993558
0.999987 -0.00164354 0.00474678 -0.0629955 0.00164807 0.999998 -0.000949798 -0.036408 -0.00474521 0.000957609 0.999988 -0.997349
0.999998 -0.00108934 0.00161451 -0.0477414 0.00108775 0.999999 0.000984635 -0.0756758 -0.00161558 -0.000982877 0.999998 -0.995989
0.999999 0.000777223 0.000726983 -0.0486358 -0.000778334 0.999999 0.00152937 -0.076262 -0.000725794 -0.00152993 0.999999 -0.995901
0.999992 -0.0017492 -0.00359344 0.0342612 0.00174923 0.999998 6.72437e-006 -0.0515474 0.00359343 -1.30101e-005 0.999994 -0.998083
1 0.00073556 -0.000140193 -0.0635291 -0.000735531 1 0.000202426 -0.0704027 0.000140342 -0.000202323 1 -0.995494
0.999996 0.00271519 0.0011202 -0.0597838 -0.00271513 0.999996 -5.77566e-005 -0.0630772 -0.00112035 5.47149e-005 0.999999 -0.996216
0.999994 -0.00183075 0.00308692 -0.0763924 0.00183012 0.999998 0.000205914 -0.0667783 -0.00308729 -0.000200264 0.999995 -0.994839
0.999991 0.000621468 0.0041768 -0.0697364 -0.000616769 0.999999 -0.00112621 -0.0192037 -0.00417749 0.00112363 0.999991 -0.997381
0.99999 0.0010907 0.00439649 -0.0736323 -0.00109719 0.999998 0.00147482 -0.0619427 -0.00439488 -0.00147963 0.999989 -0.99536
0.999994 -0.00109271 0.00332846 -0.0658063 0.0010882 0.999998 0.00135797 -0.047725 -0.00332994 -0.00135434 0.999994 -0.99669
0.999975 -0.00185727 0.00686937 -0.243808 0.00184978 0.999998 0.00109613 -0.0240165 -0.00687139 -0.00108339 0.999976 -0.969526
0.99999 -0.00077731 0.00444632 -0.158471 0.00075635 0.999989 0.00471391 -0.176941 -0.00444993 -0.0047105 0.999979 -0.97138
0.999996 -0.00213506 0.00164901 0.00476016 0.0021331 0.999997 0.00119116 -0.0622231 -0.00165155 -0.00118764 0.999998 -0.998051
0.999997 0.00146612 0.00218459 -0.0329267 -0.00144304 0.999944 -0.01053 0.446713 -0.0021999 0.0105268 0.999942 -0.894071
0.999996 -0.000353585 0.00285981 -0.0812851 0.000343633 0.999994 0.00347973 -0.144019 -0.00286102 -0.00347873 0.99999 -0.986231
0.999978 0.00122443 0.00649513 -0.191111 -0.00124529 0.999994 0.00320808 -0.156061 -0.00649117 -0.0032161 0.999974 -0.969083
0.999937 0.00499465 0.0100665 -0.0998045 -0.00463836 0.999373 -0.0351117 0.880455 -0.0102356 0.0350628 0.999333 -0.463506
0.99996 -0.00416724 0.00787685 -0.107618 0.00416728 0.999991 1.08212e-005 -0.0802198 -0.00787683 2.20043e-005 0.999969 -0.990951
0.999986 -0.00396022 0.00357756 0.00583883 0.00395705 0.999992 0.000894694 -0.17057 -0.00358108 -0.000880524 0.999993 -0.985328
0.999994 0.00327141 0.00150907 -0.002815 -0.00326797 0.999992 -0.00227293 -0.0146928 -0.0015165 0.00226798 0.999996 -0.999888
0.999996 -0.00240275 -0.00150395 -0.00949143 0.0023981 0.999992 -0.00308364 -0.0452138 0.00151134 0.00308002 0.999994 -0.998932
0.999949 0.00658993 -0.0076367 0.103549 -0.00660199 0.999977 -0.00155578 0.0212424 0.00762627 0.00160612 0.99997 -0.994397
0.999981 -0.00297161 -0.0053367 -0.0118745 0.00295683 0.999992 -0.00277509 0.0274679 0.0053449 0.00275926 0.999982 -0.999552
0.999989 0.000865338 -0.00461371 -0.0198142 -0.00085724 0.999998 0.00175698 -0.103916 0.00461522 -0.00175301 0.999988 -0.994389
0.999975 0.00703251 0.000411402 -0.181154 -0.00701972 0.99965 -0.0255126 0.669065 -0.000590675 0.025509 0.999674 -0.720788
0.999988 -0.00261299 -0.00417012 -0.0980319 0.00261338 0.999997 8.904e-005 -0.12631 0.00416987 -9.9937e-005 0.999991 -0.987135
0.999971 -0.00133303 -0.00746915 -0.0742947 0.00132401 0.999998 -0.00121187 -0.0969617 0.00747076 0.00120195 0.999971 -0.992511
0.999924 -0.000669906 -0.0123123 0.259123 0.00063634 0.999996 -0.00272992 -0.0155129 0.0123141 0.00272188 0.99992 -0.96572
0.999959 0.000375816 -0.00899599 0.0423798 -0.000387105 0.999999 -0.00125314 -0.0369558 0.00899551 0.00125657 0.999959 -0.998418
0.999981 -0.0015778 -0.00598435 -0.041559 0.00156586 0.999997 -0.00200011 -0.00315573 0.00598749 0.0019907 0.99998 -0.999131
0.999991 0.000602094 -0.00430052 -0.0573357 -0.00060054 1 0.00036281 -0.0343436 0.00430074 -0.000360224 0.999991 -0.997764
0.999998 0.000532849 -0.00173788 -0.045624 -0.000530036 0.999999 0.00161877 -0.061928 0.00173874 -0.00161785 0.999997 -0.997037
0.999991 -0.00295878 -0.00304559 -0.00658514 0.00295792 0.999996 -0.000286615 -0.0337712 0.00304642 0.000277604 0.999995 -0.999408
0.999977 0.00514039 -0.00439377 0.01838 -0.00529349 0.999353 -0.0355727 0.912352 0.00420807 0.0355951 0.999357 -0.408994
0.999993 -0.00386311 -5.92397e-005 -0.230339 0.00386354 0.999922 0.011846 -0.362439 1.34728e-005 -0.0118461 0.99993 -0.903096
0.99996 0.00108717 -0.00892315 0.0199901 -0.00108652 0.999999 7.70129e-005 -0.0646515 0.00892323 -6.73146e-005 0.99996 -0.997708
0.9998 -0.00154577 -0.01995 0.261078 0.00186866 0.999867 0.0161761 -0.552034 0.0199224 -0.0162102 0.99967 -0.791894
0.999911 0.00674345 -0.0114771 -0.046179 -0.00673711 0.999977 0.000590375 0.0045697 0.0114808 -0.000513 0.999934 -0.998923
0.999928 -0.00208236 -0.0118185 0.0106571 0.0022627 0.999881 0.0152665 -0.41966 0.0117853 -0.0152921 0.999814 -0.907619
0.999946 0.00127067 -0.0103453 -0.0281964 -0.00125888 0.999999 0.0011463 -0.0386554 0.0103468 -0.00113321 0.999946 -0.998855
0.999983 0.000332647 -0.00580888 -0.0198527 -0.000320446 0.999998 0.00210115 -0.0556175 0.00580956 -0.00209925 0.999981 -0.998255
0.999991 0.00131133 -0.00414703 0.0421129 -0.00131886 0.999997 -0.00181318 0.0609863 0.00414464 0.00181863 0.99999 -0.99725
0.999982 -0.00405253 0.00447216 -0.038609 0.0040368 0.999986 0.00352068 -0.139197 -0.00448637 -0.00350257 0.999984 -0.989512
0.999971 -0.00433028 0.00621863 -0.0206598 0.00433368 0.99999 -0.000533261 -0.0920197 -0.00621627 0.000560195 0.999981 -0.995543
0.999938 0.00360479 0.0105663 -0.0211029 -0.00359344 0.999993 -0.0010933 -0.0349345 -0.0105702 0.00105526 0.999944 -0.999167
0.999947 0.00161035 0.010188 -0.010426 -0.00161106 0.999999 6.15931e-005 -0.0914168 -0.0101878 -7.80032e-005 0.999948 -0.995758
0.999945 0.000438408 0.0105159 0.0396684 -0.00041069 0.999996 -0.00263776 -0.0551116 -0.0105171 0.00263329 0.999941 -0.997692
0.999977 0.00226294 0.00632913 0.139446 -0.0022526 0.999996 -0.00163966 -0.0945707 -0.00633281 0.00162536 0.999979 -0.985703
0.999961 -0.00336331 0.00813455 -0.0430447 0.0033852 0.999991 -0.00267873 -0.0903975 -0.00812547 0.00270616 0.999963 -0.994975
0.999978 0.00183519 0.00639776 -0.0912714 -0.00181733 0.999994 -0.00279692 -0.0756304 -0.00640286 0.00278523 0.999976 -0.99295
0.999985 -0.00170353 0.00529757 -0.102794 0.0017271 0.999989 -0.00444735 -0.0367989 -0.00528993 0.00445643 0.999976 -0.994022
0.999995 -0.00187798 0.00252437 0.0604387 0.00185439 0.999955 0.00931476 -0.525014 -0.00254175 -0.00931003 0.999953 -0.848945
0.999964 -0.0012589 0.00843879 -0.0367042 0.00126077 0.999999 -0.000216711 -0.0890782 -0.00843851 0.000227342 0.999964 -0.995348
0.999954 -0.00204491 0.00932098 -0.0643458 0.00202647 0.999996 0.00198689 -0.154311 -0.00932501 -0.00196791 0.999955 -0.985925
0.999911 0.000815708 0.0133134 -0.0884534 -0.000796406 0.999999 -0.00145504 -0.0294866 -0.0133146 0.00144431 0.99991 -0.995644
0.999978 -0.000270833 0.00668004 0.0916711 0.000278054 0.999999 -0.00108006 -0.0742446 -0.00667975 0.00108189 0.999977 -0.993018
0.999948 0.000776126 0.0101677 -0.0740548 -0.000760518 0.999999 -0.00153882 -0.15005 -0.0101689 0.001531 0.999947 -0.985901
0.999986 -0.00262042 0.00469316 -0.0819631 0.0026503 0.999976 -0.00637004 0.0012844 -0.00467636 0.00638238 0.999969 -0.996635
0.999997 -0.000899437 0.00221428 -0.0804698 0.000913229 0.99998 -0.00623551 -0.0312878 -0.00220863 0.00623752 0.999978 -0.996266
0.999987 0.00239336 -0.00444197 0.00495157 -0.00239813 0.999997 -0.00106953 -0.0537083 0.0044394 0.00108017 0.99999 -0.998544
0.999995 0.00119529 -0.0027648 -0.149606 -0.00119262 0.999999 0.000966391 -0.0882542 0.00276595 -0.000963089 0.999996 -0.984799
0.999976 0.00236971 -0.00645161 -0.053892 -0.00235736 0.999995 0.00192213 -0.0362345 0.00645614 -0.00190688 0.999977 -0.997889
0.999976 0.000821374 -0.00692066 0.0518873 -0.000798251 0.999994 0.0033432 -0.0855955 0.00692336 -0.00333759 0.99997 -0.994978
0.999993 0.00338297 -0.00161262 -0.063072 -0.00338229 0.999994 0.000426867 0.00930978 0.00161406 -0.00042141 0.999999 -0.997966
0.999999 -0.00131746 -0.000207024 0.0791218 0.00131773 0.999998 0.00131607 -0.0557387 0.00020529 -0.00131635 0.999999 -0.995305
0.999987 -0.00331351 0.00378036 -0.0791188 0.00331039 0.999994 0.000829116 -0.066272 -0.00378309 -0.000816591 0.999993 -0.99466
0.999981 -0.00542134 0.00295728 -0.0771107 0.00541679 0.999984 0.00154405 -0.0420091 -0.0029656 -0.001528 0.999994 -0.996137
0.999992 -0.00244648 -0.00318507 -0.0725669 0.00245599 0.999993 0.00298492 -0.0476249 0.00317774 -0.00299272 0.99999 -0.996226
0.999981 -0.00451043 -0.0041657 -0.0859647 0.00462106 0.999626 0.0269399 -0.66207 0.00404264 -0.0269586 0.999628 -0.744496
0.999944 0.00497885 -0.00932379 -0.060621 -0.00495018 0.999983 0.00309559 -0.0440892 0.00933904 -0.00304927 0.999952 -0.997187
0.999941 0.00777748 -0.00758239 -0.0677044 -0.0077721 0.99997 0.00073863 -0.0265341 0.00758791 -0.000679655 0.999971 -0.997353
0.999941 0.00415755 -0.0100819 -0.0255701 -0.00412578 0.999986 0.00316989 -0.0607096 0.010095 -0.00312811 0.999944 -0.997828
0.999953 0.00430264 -0.00865171 0.0227216 -0.00428596 0.999989 0.00194557 -0.0842045 0.00865999 -0.0019084 0.999961 -0.996189
0.999969 -0.00268789 -0.00740486 -0.0308283 0.00269268 0.999996 0.000636822 -0.0650113 0.00740312 -0.000656742 0.999972 -0.997408
0.999979 -0.00277721 -0.00587831 -0.031752 0.00277808 0.999996 0.00014005 -0.0702443 0.00587789 -0.000156378 0.999983 -0.997024
0.999978 -0.00308501 -0.0059425 0.0690716 0.00308307 0.999995 -0.000335819 -0.0894685 0.00594351 0.00031749 0.999982 -0.993592
1 0.00031184 0.000268542 -0.0978721 -0.000311458 0.999999 -0.00142197 -0.059781 -0.000268985 0.00142188 0.999999 -0.993402
0.999945 -0.00320985 0.0099395 -0.423097 0.00325151 0.999986 -0.00417832 0.00298253 -0.00992595 0.00421041 0.999942 -0.906079
0.999964 -0.00064224 0.00850557 -0.425012 0.000609026 0.999992 0.00390698 -0.233117 -0.00850801 -0.00390166 0.999956 -0.874655
0.999931 0.00156194 -0.0116558 -0.0476278 -0.00158261 0.999997 -0.00176423 -0.0801901 0.011653 0.00178256 0.999931 -0.995641
0.999893 0.00153634 -0.0145392 -0.00773084 -0.00157623 0.999995 -0.00273233 -0.0389772 0.0145349 0.00275496 0.999891 -0.99921
0.999843 -0.00177124 -0.0176459 -0.0292896 0.00171917 0.999994 -0.00296574 -0.0313424 0.0176511 0.00293494 0.99984 -0.999079
0.999787 0.000894829 -0.0206019 -0.0261502 -0.000953075 0.999996 -0.00281758 -0.0178613 0.0205993 0.00283661 0.999784 -0.999498
0.999663 -0.000437595 -0.0259478 0.128486 0.000374472 0.999997 -0.00243748 -0.0340496 0.0259488 0.00242694 0.99966 -0.991127
0.999535 -0.000465353 0.0304759 -0.871327 0.000636302 0.999984 -0.00559986 0.0169922 -0.0304728 0.00561665 0.99952 -0.490409
0.999693 -0.000618441 -0.0247759 0.132333 0.000531482 0.999994 -0.00351626 -0.0399319 0.0247779 0.00350201 0.999687 -0.990401
0.999894 0.00745375 0.0125468 -0.68949 -0.00752681 0.999955 0.00578587 -0.229334 -0.0125031 -0.0058797 0.999905 -0.687029
0.998362 0.00374869 -0.0570867 0.846848 -0.00496547 0.999763 -0.0211876 0.310032 0.0569938 0.0214363 0.998144 -0.432121
0.999987 0.00300309 -0.0041538 -0.0151899 -0.0030203 0.999987 -0.00414214 -0.0124778 0.00414131 0.00415463 0.999983 -0.999807
0.999909 0.00293258 -0.0131855 0.482724 -0.00300136 0.999982 -0.00519953 0.0907136 0.01317 0.00523863 0.9999 -0.871062
0.99998 0.00398939 0.00482763 0.00268011 -0.00399051 0.999992 0.000222562 -0.0586457 -0.00482671 -0.000241822 0.999988 -0.998275
0.999949 -0.0039207 -0.00932253 0.502618 0.00395773 0.999984 0.00395708 -0.15645 0.00930687 -0.00399377 0.999949 -0.850235
0.999975 0.00371071 0.00596217 -0.000766841 -0.00372032 0.999992 0.00160249 -0.0441132 -0.00595618 -0.00162463 0.999981 -0.999026
0.999972 0.0017494 -0.00728858 0.401891 -0.00172579 0.999993 0.0032439 -0.0831616 0.00729421 -0.00323123 0.999968 -0.911904
0.999973 0.000904438 0.0073143 -0.0129503 -0.000909175 0.999999 0.000644365 -0.0228495 -0.00731371 -0.000650997 0.999973 -0.999655
0.999992 -0.000586057 0.00387157 -0.010462 0.000583858 1 0.000569221 -0.0409255 -0.0038719 -0.000566956 0.999992 -0.999107
0.999963 0.000235909 0.00864462 -0.123901 -0.000260531 0.999996 0.00284722 -0.0695534 -0.00864391 -0.00284937 0.999959 -0.989854
0.999989 0.000837177 0.00465588 -0.0152114 -0.000858984 0.999989 0.00468384 -0.0745957 -0.00465191 -0.00468779 0.999978 -0.997098
0.999983 -0.000899551 0.00584381 -0.0224285 0.000896934 0.999999 0.000450443 0.0406188 -0.00584421 -0.000445194 0.999983 -0.998923
0.999966 -0.00537699 0.00625599 -0.010419 0.00537912 0.999985 -0.00032378 0.0279179 -0.00625416 0.000357421 0.99998 -0.999556
0.999949 0.00131478 0.00997199 -0.122444 -0.00133443 0.999997 0.0019644 -0.0254657 -0.00996937 -0.00197761 0.999948 -0.992149
0.999947 0.00213442 0.0100588 -0.0164629 -0.00216133 0.999994 0.00266465 -0.0506002 -0.010053 -0.00268625 0.999946 -0.998583
0.999966 0.00240173 0.00789847 -0.0215859 -0.00242181 0.999994 0.0025336 -0.0447146 -0.00789233 -0.00255264 0.999966 -0.998767
0.999965 0.00128173 0.00829008 -0.0121201 -0.00129124 0.999999 0.00114197 -0.0197794 -0.00828861 -0.00115264 0.999965 -0.999731
0.999905 -0.00585666 0.0125103 -0.178504 0.00584293 0.999982 0.00113364 -0.0101726 -0.0125167 -0.00106044 0.999921 -0.983887
0.999951 0.00331108 0.00937952 -0.034619 -0.00333205 0.999992 0.00222127 -0.05325 -0.00937209 -0.00225242 0.999954 -0.997981
0.999952 -0.00341106 0.00913456 -0.0553687 0.00340363 0.999994 0.000828784 -0.0764565 -0.00913734 -0.000797654 0.999958 -0.995534
0.999736 0.00394051 0.0226518 -0.547951 -0.0039411 0.999992 -1.8372e-005 -0.0767078 -0.0226517 -7.09061e-005 0.999743 -0.832986
0.999971 -0.00170753 0.00747697 -0.0786019 0.00170363 0.999998 0.000526869 -0.101406 -0.00747786 -0.000514116 0.999972 -0.991735
0.999972 -0.00541344 0.00516003 -0.0298557 0.00542289 0.999984 -0.00181941 -0.0352548 -0.0051501 0.00184734 0.999985 -0.998932
0.99999 -0.00303863 0.00321176 -0.041928 0.00304706 0.999992 -0.00262249 -0.0465827 -0.00320377 0.00263225 0.999991 -0.998034
0.999973 -0.00604093 0.00420193 -0.0676909 0.00605953 0.999972 -0.0044273 -0.0243764 -0.00417507 0.00445264 0.999981 -0.997409
0.999998 -0.000870925 0.00174938 -0.0531309 0.00087591 0.999996 -0.00285101 -0.018064 -0.00174689 0.00285253 0.999994 -0.998424
0.999998 -0.00148767 0.00141176 -0.0534787 0.0014845 0.999996 0.00224123 -0.190204 -0.00141509 -0.00223913 0.999996 -0.980287
0.999999 -0.000747946 0.00106253 -0.0722646 0.000753567 0.999986 -0.00529898 0.019878 -0.00105855 0.00529977 0.999985 -0.997187
0.999972 -0.00744407 7.5364e-005 -0.0499349 0.00744418 0.999971 -0.00166295 -0.125244 -6.29827e-005 0.00166346 0.999999 -0.990869
0.999983 -0.00581016 -0.000330342 -0.0805587 0.00580588 0.999914 -0.0117384 0.280409 0.000398515 0.0117363 0.999931 -0.956494
0.999987 -0.00341955 -0.00390357 -0.0341835 0.00341171 0.999992 -0.0020131 -0.0787604 0.00391042 0.00199976 0.99999 -0.996307
0.99998 -0.00199546 -0.00591873 -0.00419893 0.00197757 0.999993 -0.0030282 -0.0371701 0.00592474 0.00301643 0.999978 -0.9993
0.999988 -0.00215 -0.00448599 -0.0589447 0.00212941 0.999987 -0.0045914 -0.0196742 0.0044958 0.00458179 0.999979 -0.998067
0.999984 -0.00341845 -0.00447105 -0.0226798 0.00359766 0.999165 0.04071 -0.78022 0.00432815 -0.0407254 0.999161 -0.625094
0.999974 -0.00578399 -0.00429637 -0.0735725 0.00579019 0.999982 0.00143174 -0.0990147 0.00428801 -0.00145658 0.99999 -0.992362
0.999979 -0.00443761 -0.00475582 -0.0432247 0.00442777 0.999988 -0.00207776 -0.0113071 0.00476498 0.00205666 0.999987 -0.999001
0.99999 -0.000596011 -0.0044124 -0.04831 0.000589477 0.999999 -0.00148199 -0.0120338 0.00441328 0.00147938 0.999989 -0.99876
0.999989 0.000160987 -0.00465807 -0.032898 -0.000153247 0.999999 0.00166183 -0.0947972 0.00465833 -0.00166109 0.999988 -0.994953
0.999993 0.000550734 -0.00369537 -0.0104674 -0.00054019 0.999996 0.00285373 -0.0993467 0.00369692 -0.00285171 0.999989 -0.994998
1 -0.000735992 -7.73067e-005 -0.0339542 0.00073588 0.999999 -0.00144042 -0.0176679 7.83668e-005 0.00144037 0.999999 -0.999267
0.999983 0.00442463 0.00377002 -0.0579235 -0.0044332 0.999988 0.00226854 -0.0848407 -0.00375994 -0.00228521 0.99999 -0.994709
0.999945 0.00840061 0.00625228 -0.0392147 -0.00843857 0.999946 0.00606993 -0.0985054 -0.00620095 -0.00612236 0.999962 -0.994364
0.999965 0.00262898 0.00788681 -0.0672866 -0.0026462 0.999994 0.00217361 -0.0973051 -0.00788105 -0.0021944 0.999967 -0.992977
0.99998 0.00137732 0.00621317 0.0130757 -0.00137658 0.999999 -0.000122118 -0.0395438 -0.00621334 0.000113563 0.999981 -0.999132
0.999964 0.00155066 0.00838533 -0.0822553 -0.0015501 0.999999 -7.29744e-005 -0.0490444 -0.00838543 5.99737e-005 0.999965 -0.995404
0.999927 -0.00140971 0.0120012 -0.0462614 0.00143729 0.999996 -0.00229011 -0.039841 -0.0119979 0.00230719 0.999925 -0.998135
0.999955 -0.00110478 0.00943412 0.00989271 0.00109648 0.999999 0.000884982 -0.086788 -0.00943509 -0.000874598 0.999955 -0.996178
0.999856 0.00682356 0.0155687 0.0108266 -0.00681937 0.999977 -0.000321844 -0.0598346 -0.0155705 0.000215629 0.999879 -0.99815
0.999891 -0.00302554 0.0144551 -0.0594161 0.00306964 0.999991 -0.00302961 -0.0263091 -0.0144458 0.00307366 0.999891 -0.997887
0.99891 0.00297541 0.0465895 -0.572038 -0.00268436 0.999976 -0.0063084 0.0473426 -0.0466072 0.00617645 0.998894 -0.81886
0.999918 -0.000834377 0.0127913 -0.0117642 0.000844248 0.999999 -0.000766246 -0.0777927 -0.0127906 0.000776982 0.999918 -0.9969
0.999909 -0.00134734 0.0134081 -0.0522247 0.00136497 0.999998 -0.00130612 -0.0286355 -0.0134063 0.0013243 0.999909 -0.998225
0.999931 0.000600891 0.0116999 -0.059665 -0.000584034 0.999999 -0.00144413 -0.0103877 -0.0117008 0.0014372 0.999931 -0.998164
0.999948 -6.42059e-005 0.0102348 -0.0979777 0.000109828 0.99999 -0.00445705 -0.0126373 -0.0102344 0.00445794 0.999938 -0.995108
0.999931 0.00111192 0.0117086 -0.0832475 -0.00103579 0.999978 -0.00650584 0.0624564 -0.0117156 0.00649327 0.99991 -0.99457
0.999976 0.00198495 0.00668688 -0.0669162 -0.00195783 0.99999 -0.00405952 0.0354497 -0.00669487 0.00404633 0.999969 -0.997129
0.999999 0.00012413 0.00155193 0.0801434 -0.000133458 0.999982 0.00601162 -0.210005 -0.00155116 -0.00601182 0.999981 -0.97441
0.999987 -0.00320132 0.00390285 -0.0446202 0.00322482 0.999977 -0.00602909 0.052516 -0.00388346 0.0060416 0.999974 -0.997623
0.999973 0.000544979 0.00728877 -0.130333 -0.000524075 0.999996 -0.00286947 0.00176756 -0.0072903 0.00286557 0.999969 -0.991469
0.999987 0.001426 0.00499347 -0.10459 -0.00141438 0.999996 -0.00233048 0.0135052 -0.00499677 0.00232339 0.999985 -0.994424
0.999997 -0.00146955 0.00204283 -0.0955639 0.0014732 0.999997 -0.0017865 -0.010653 -0.00204019 0.00178951 0.999996 -0.995366
1 -0.000608294 8.31747e-005 -0.104156 0.000608519 0.999996 -0.00273794 0.0242755 -8.15089e-005 0.00273799 0.999996 -0.994265
0.999993 -0.00199865 -0.00327064 -0.0478374 0.00199545 0.999998 -0.000982978 -0.0788359 0.0032726 0.000976445 0.999994 -0.995739
