%YAML:1.0
A: !!opencv-matrix
   rows: 16
   cols: 2
   dt: f
   data: [ 0., 1., 1., 1., 2., 1., 3., 1., 4., 1., 5., 1., 6., 1., 7.,
       1., 8., 1., 9., 1., 10., 1., 11., 1., 12., 1., 13., 1., 14., 1.,
       15., 1. ]
tau: !!opencv-matrix
   rows: 16
   cols: 1
   dt: f
   data: [ 4.19732895e+001, 3.83739052e+001, 3.59622459e+001,
       3.72173882e+001, 3.47979202e+001, 3.49869308e+001,
       3.42179260e+001, 3.35398903e+001, 3.22137032e+001,
       3.14474754e+001, 3.31747131e+001, 2.98731518e+001,
       2.79783936e+001, 2.97946186e+001, 2.88543568e+001,
       2.56320362e+001 ]
time: 4.6810729980468750e+001
fit: !!opencv-matrix
   rows: 2
   cols: 1
   dt: f
   data: [ -8.42705607e-001, 3.94476662e+001 ]
