%YAML:1.0
A: !!opencv-matrix
   rows: 16
   cols: 2
   dt: f
   data: [ 0., 1., 1., 1., 2., 1., 3., 1., 4., 1., 5., 1., 6., 1., 7.,
       1., 8., 1., 9., 1., 10., 1., 11., 1., 12., 1., 13., 1., 14., 1.,
       15., 1. ]
tau1: !!opencv-matrix
   rows: 16
   cols: 1
   dt: f
   data: [ 6.40092651e+002, 5.85202026e+002, 5.48424255e+002,
       5.67565186e+002, 5.30668274e+002, 5.33550720e+002,
       5.21823364e+002, 5.11483337e+002, 4.91258972e+002,
       4.79574005e+002, 5.05914368e+002, 4.55565552e+002,
       4.26670502e+002, 4.54367920e+002, 4.40028931e+002,
       3.90888550e+002 ]
dist: 4.6810729980468750e+001
fit: !!opencv-matrix
   rows: 2
   cols: 1
   dt: f
   data: [ -1.28512611e+001, 6.01576904e+002 ]
