%YAML:1.0
frameCount: 40
calibrationDate: "Wed Feb 03 15:08:30 2016\n"
cameraMatrix: !!opencv-matrix
   rows: 3
   cols: 3
   dt: d
   data: [ 1.1453406245138540e+003, 0., 3.2807722610438088e+002, 0.,
       1.1437268482765451e+003, 2.2232095051658996e+002, 0., 0., 1. ]
distCoeffs: !!opencv-matrix
   rows: 1
   cols: 5
   dt: d
   data: [ -2.5669053851846985e-001, 1.4534719017142060e-002,
       -1.3434012995879466e-003, -1.4413944080485068e-003,
       2.0640136105783702e+000 ]
